,Unnamed: 0,authorDisplayName,authorChannelUrl,videoId,published_at,updated_at,like_count,text
0,96,Jeff-oo9br,Jeff-oo9br,OfraXhBuybk,2024-02-07T10:18:19Z,2024-02-07T10:18:19Z,34,"As an apple fanboy, I have to say the camera quality of this really impressive! If it wasn’t for the whole apple ecosystem that I’ve already got used to, I will just switch to Samsung in a heartbeat!! 📱 Thanks for the review, great one as usual 👌"
1,0,AndrewEthanZeng,AndrewEthanZeng,OfraXhBuybk,2024-02-07T11:31:36Z,2024-02-07T11:31:36Z,20,"If you bought an S24 Ultra or Plus, how are you liking the phone? I did not expect to like my first Samsung phone this much. There are a few things that could be improved (shutter lag!) but it’s still one of the best phones on the market."
2,82,FireBeeFPV,FireBeeFPV,OfraXhBuybk,2024-02-07T13:56:35Z,2024-02-07T13:56:35Z,16,"There is a setting to make the camera faster. Go to camera settings and there is a feature where it analysis the scene and enhances the image... There are 3 options to change the enhancement level and an option to turn of enhancements all together, making the camera instant. The options uses AI to analyze he scene and enhance the image i.e food photo or landscape or portrait."
3,81,FireBeeFPV,FireBeeFPV,OfraXhBuybk,2024-02-07T13:59:19Z,2024-02-07T13:59:19Z,15,"Even though you turned Atmos on, use the EQ setting to manually adjust the audio to suit your ears (or to make it sound like your Iphone 15). Samsung packs heaps of audio settings into their phones, spent some time in the sound settings to get the best results!"
4,93,old-school-old,old-school-old,OfraXhBuybk,2024-02-07T11:18:34Z,2024-02-07T11:18:34Z,12,"<a href=""https://www.youtube.com/watch?v=OfraXhBuybk&amp;t=655"">10:55</a> Nothing will replace the Nokia 3310 if I say so myself"
5,65,carloskreek7419,carloskreek7419,OfraXhBuybk,2024-02-07T16:09:02Z,2024-02-07T16:09:02Z,8,"Ultra man!<br>The reason I finally upgraded my old Samsung to this S24 ultra was it finally felt worthy of it! <br>The thing that keeps me with Samsung is that you can do the Samsung ecosystem, but you&#39;re not tied to it like with apple because it&#39;s universal. That&#39;s the selling point for me."
6,86,Azu10157,Azu10157,OfraXhBuybk,2024-02-07T12:58:59Z,2024-02-07T12:58:59Z,7,There&#39;s settings in the camera app that lets you put processing over shutter speed as priority or vice versa
7,34,roseviv454,roseviv454,OfraXhBuybk,2024-02-07T23:03:40Z,2024-02-07T23:03:40Z,5,Nice review.  Brought up a lot of good points that I haven&#39;t seen it brought up elsewhere!
8,95,nikhllogic1248,nikhllogic1248,OfraXhBuybk,2024-02-07T10:36:33Z,2024-02-07T10:36:33Z,5,"The S23 Ultra is the best Android phone released this year.The Samsung folding phones may look cool, but if you keep a phone for 2/3 years would they survive general wear and tear? At the end of the day the Ultra has much better cameras and the brilliant S Pen built <a href=""http://in.plus/"">in.Plus</a> no crease in the middle of a great screen."
9,76,andycuyler6675,andycuyler6675,OfraXhBuybk,2024-02-07T14:21:21Z,2024-02-07T14:21:21Z,5,"I purchased the s24 ultra last week, I have sold my iphone 15 pro max and apple watch ultra. I was stuck in the apple eco system but have now escaped I still have my m3 mac and ipad pro. the samsung phone has so many more feature and way more custimisable glad I made the move !"
10,84,TECHNIKMM,TECHNIKMM,OfraXhBuybk,2024-02-07T13:36:08Z,2024-02-07T13:36:08Z,4,Awesome video! One thing i noticed: the blurry photos of slightly moving animals etc dont cone from shutter lag. Yes the phone has shutter lag but that means the photo is taken slighty later then the moment you actually press the shutter button- nevertheless the picture shouldnt be blurry. The bluriness comes from Samsungs bad algorithm not noticing a moving Objekct and therefore not using fast enough shutter speed on the picture
11,99,marcl3765,marcl3765,OfraXhBuybk,2024-02-07T10:10:12Z,2024-02-07T10:10:12Z,4,Got mine 2 days ago the camera is just mind blowing.
12,69,jas350,jas350,OfraXhBuybk,2024-02-07T15:30:03Z,2024-02-07T15:30:03Z,3,People should just buy the s23 ultra because it&#39;s pretty much the same and cheaper. But the vibration is weak compared to the s21 ultra. The s24 is not any better than the s23 ultra.
13,66,rahullulay,rahullulay,OfraXhBuybk,2024-02-07T16:01:01Z,2024-02-07T16:01:01Z,3,Great video. And you brought up great points about the shutter lag with camera. It&#39;s been an issue for a long time.
14,42,pdizbon,pdizbon,OfraXhBuybk,2024-02-07T21:52:34Z,2024-02-07T21:52:34Z,2,No lag on my S24 Ultra camera!!
15,61,Winner3ty,Winner3ty,OfraXhBuybk,2024-02-07T16:45:07Z,2024-02-07T16:45:07Z,2,"I really like my S24 Ultra, I have had Samsung&#39;s all my life save on old old Iphone. from a Note 20 Ultra to the S24 Ultra it is a massive upgrade, there are some launch day quirks but it seems that it gets better every day. especially the camera. oh and Ultraman"
16,32,betl5982,betl5982,OfraXhBuybk,2024-02-07T23:28:30Z,2024-02-07T23:28:30Z,1,One function I don’t recall you mentioned is you can actually make a phone call to people by punching in their phone number on the numbers key pad or look a person up in the phone’s contact list and make a phone call and using your voice to communicate with people by talking 😄.
17,40,franklong6269,franklong6269,OfraXhBuybk,2024-02-07T22:00:51Z,2024-02-07T22:00:51Z,1,"The shutter lag on a smartphone is categorically NOT a &quot;big issue.&quot;  I think you are talking about the speed of the aperture. You are describing taking photos of fast action sequences. I have not used an iPhone, but I doubt it is a world better than the S24 Ultra. It is a valid point, but it&#39;s not an earthshaking issue. Also, I think there are settings either in the RAW mode or the camera app that speed up the aperture for fast action sequences. Further, if you hold the camera button down, it will take &quot;burst&quot; mode photos in a super fast sequence.<br><br>It doesn&#39;t appear that all of the S24 Ultra&#39;s AI features will be behind a paywall. We will see."
18,49,conceptsbyun,conceptsbyun,OfraXhBuybk,2024-02-07T18:57:07Z,2024-02-07T18:57:07Z,1,Camera Settings  &gt; Camera Assistant  and turn on Quick Tap Shutter should sort out the shutter lag for you
19,55,ingkatsikas,ingkatsikas,OfraXhBuybk,2024-02-07T18:07:11Z,2024-02-07T18:07:11Z,1,The shutter lag can be fixed in camera settings. There is a setting for shooting objects that move fast. As for the sound try the equalizer to your liking. You see you can set everything as you like on android and especially on UI 6.1
20,59,zerojayzero,zerojayzero,OfraXhBuybk,2024-02-07T16:58:29Z,2024-02-07T16:58:29Z,1,"They never said that the AI features will be paid after end of 2025. They just are saying free until then, and Samsung themselves confirmed they don&#39;t know what they plan on doing after that point. It was intended to give a guarantee for users in the meantime until they figure out their strategy."
21,63,Gortzz,Gortzz,OfraXhBuybk,2024-02-07T16:33:44Z,2024-02-07T16:33:44Z,1,Quick question for all ultra users<br><br>Does the size make it difficult for everyday use. Like putting it in your pocket and using it as a normal daily driver?
22,56,frassedylan,frassedylan,OfraXhBuybk,2024-02-07T17:45:51Z,2024-02-07T17:45:51Z,1,Nice review. That’s not what shutter lag is though. Slow shutter speed perhaps.
23,70,AlaminKhan-ul6em,AlaminKhan-ul6em,OfraXhBuybk,2024-02-07T15:05:46Z,2024-02-07T15:05:46Z,1,S24❤❤ultra
24,71,VaddyFC,VaddyFC,OfraXhBuybk,2024-02-07T14:54:04Z,2024-02-07T14:54:21Z,1,"Does anyone know if the Galaxy S24 Ultra has better speakers than the Note 20 Ultra? I have the Note 20 Ultra and listen to a lot of music with the external built-in speakers, and I don&#39;t want to upgrade if the S24 Ultra speakers are worse.... Let me know if you have owned both, please.."
25,73,Mistirina,Mistirina,OfraXhBuybk,2024-02-07T14:37:28Z,2024-02-07T14:37:28Z,1,"Samsung has its own ecosystem. It&#39;s as simple as downloading the Phone Link app from the Windows Store. Of course, I understand that switching right now would be crazy and very expensive, since you already own everything Apple, but saying that it is the only thing that holds you back is kinda sad."
26,9,EverythingGizmo,EverythingGizmo,OfraXhBuybk,2024-02-08T06:27:06Z,2024-02-08T06:27:18Z,1,"Your 1 month later reviews are getting so good jeez. Cinematics, information and real life use cases is tip top. Keep it up and you&#39;ll be one of the even bigger channels no doubt about it! &quot;ultra man&quot;"
27,83,ladiesman13,ladiesman13,OfraXhBuybk,2024-02-07T13:49:59Z,2024-02-07T13:49:59Z,1,Actually you can tweak the sound of S24U at the sound and notification setting
28,89,Moyaiville_Productions,Moyaiville_Productions,OfraXhBuybk,2024-02-07T12:01:01Z,2024-02-07T12:01:01Z,1,Try out the S23 Ultra. You&#39;ll like it.. It also has excellent speakers with rich sound and good bass.. I&#39;ve heard some interesting takes on S24 speakers this year.. Samsung got it all right with the S23&#39;s imo.. They get pretty loud and sound great. I use the base S23 and am very satisfied with the speaker quality..
29,90,eleventeen5051,eleventeen5051,OfraXhBuybk,2024-02-07T11:54:38Z,2024-02-07T11:54:38Z,1,&quot;ultraman&quot;
30,94,zabidi59-fx8uf,zabidi59-fx8uf,OfraXhBuybk,2024-02-07T10:55:52Z,2024-02-07T10:55:52Z,1,ultraman
31,35,AlanGurling,AlanGurling,OfraXhBuybk,2024-02-07T22:47:25Z,2024-02-07T22:47:25Z,1,"Ultraman! 😅 Loving my S24 Ultra. That Apple ecosystem is the very reason why I haven&#39;t completely gone Apple. When you go in, it really sinks deep. Genius, but expensive!"
32,50,NolbertoPardo,NolbertoPardo,OfraXhBuybk,2024-02-07T18:33:31Z,2024-02-07T18:33:31Z,1,"Shutter Lag TIP! search &quot;advanced intelligence options&quot; in the settings. Very top first option. Then select minimum, and try taking pics again it should feel much faster."
33,23,Gurenn83,Gurenn83,OfraXhBuybk,2024-02-08T01:42:25Z,2024-02-08T01:42:25Z,1,The new speakers on the S24 Ultra are actually way better compared to the S23 Ultra.
34,30,MrRivastyle,MrRivastyle,OfraXhBuybk,2024-02-07T23:59:29Z,2024-02-07T23:59:29Z,1,Excellent review
35,18,nawlins411,nawlins411,OfraXhBuybk,2024-02-08T02:36:43Z,2024-02-08T02:36:43Z,1,"Individuals who exhibit a clear bias towards Apple products should refrain from evaluating Android or Samsung products. Your evident preference for Apple is understandable, but it compromises your ability to provide an impartial assessment. Please refrain from wasting our time by attempting to present an unbiased opinion when it is evident that you are incapable of doing so."
36,29,ericterrell7486,ericterrell7486,OfraXhBuybk,2024-02-08T00:06:20Z,2024-02-08T00:06:20Z,1,I left the walled garden 10 years ago and have never looked back.  The S24 ultra is hands down the best phone on the market.
37,72,macgyvermac2344,macgyvermac2344,OfraXhBuybk,2024-02-07T14:41:47Z,2024-02-07T14:49:09Z,0,"No it&#39;s not the first phone to support wifi 7, OnePlus 11 is the first and now OnePlus 12, Apple is getting it in iPhone 16 but only the 16 pro and max, Ultraman"
38,19,poligonzo5300,poligonzo5300,OfraXhBuybk,2024-02-08T02:33:53Z,2024-02-08T02:35:09Z,0,"I have always believed that all those people who criticize a work of engineering art such as these phones know if they know so much why they do not design a phone and patent it for themselves, That is one of the best phones right now on the market nothing is perfect ,but is crazy ,like I don&#39;t like this and that ,I&#39;m like ok another engineer 😅"
39,74,gyemdubley6278,gyemdubley6278,OfraXhBuybk,2024-02-07T14:29:14Z,2024-02-07T14:29:14Z,0,Just so confused . Should I go for s24 ultra or iPhone 15 pro max.?
40,20,gazram72,gazram72,OfraXhBuybk,2024-02-08T02:23:18Z,2024-02-08T02:23:18Z,0,In other words S24 Ultra is essentially use to make money come in while iPhone basically makes your money come out 😂
41,75,user-dz7vv8ym4y,user-dz7vv8ym4y,OfraXhBuybk,2024-02-07T14:27:10Z,2024-02-07T14:36:31Z,0,"<a href=""https://www.youtube.com/watch?v=OfraXhBuybk&amp;t=819"">13:39</a> both 23 and 24 battery is 4855mAh"
42,6,dragosalincseplo1713,dragosalincseplo1713,OfraXhBuybk,2024-02-08T07:00:51Z,2024-02-08T07:00:51Z,0,Try to connect your Samsung to the a monitor and you will have a powerful pc 😊
43,21,TailorMadeLove55,TailorMadeLove55,OfraXhBuybk,2024-02-08T02:21:16Z,2024-02-08T02:21:16Z,0,I switch from iPhone 15 Pro Max to the Galaxy s24 ultra and i love it. And I used apple for 15 years
44,77,simonetruzzi2023,simonetruzzi2023,OfraXhBuybk,2024-02-07T14:19:52Z,2024-02-07T14:19:52Z,0,"As user, that have lucky to have both Apple and Samsung ecosystem, I do prefer Samsung. Way better ecosystem than Apple. With S24 ultra Samsung put on the table the best of the best 2024."
45,78,squelmirofficiel9081,squelmirofficiel9081,OfraXhBuybk,2024-02-07T14:14:33Z,2024-02-07T14:14:33Z,0,Meilleur Smartphone de année 2024 🎉
46,79,GANDOR224,GANDOR224,OfraXhBuybk,2024-02-07T14:13:11Z,2024-02-07T14:13:11Z,0,Ultra man
47,80,DoritosResidue,DoritosResidue,OfraXhBuybk,2024-02-07T14:04:28Z,2024-02-07T14:05:24Z,0,shutter lag has been on samsungs forever lol. from have my old note 9 and now the s22 Ultra they both have shutter lag. I am recieving my 24 Ultra today. Unfortunate that Samsung can never fix that. The shooting experience always seems like an after thought for Samsung year after year
48,8,vazquez7871,vazquez7871,OfraXhBuybk,2024-02-08T06:43:02Z,2024-02-08T07:11:03Z,0,Welcome to the dark side.. definitely play around with goodlock and modes and gestures ... programming fingerprints and swipe gesture to open specific apps or perform certain tasks <br>will enhance your experience
49,7,adammcaskill2,adammcaskill2,OfraXhBuybk,2024-02-08T06:56:20Z,2024-02-08T06:56:20Z,0,"Love how it came out yesterday, but you&#39;ve  had ot for weeks. But not associated  with samsung, haha. I still haven&#39;t  got my pre order yet"
50,17,HV55VN,HV55VN,OfraXhBuybk,2024-02-08T02:41:46Z,2024-02-08T02:41:46Z,0,I miss huawei phones
51,85,dnbcatalina6192,dnbcatalina6192,OfraXhBuybk,2024-02-07T13:12:45Z,2024-02-07T13:12:45Z,0,First time you using Samsung? LOL
52,68,tahalove3651,tahalove3651,OfraXhBuybk,2024-02-07T15:44:39Z,2024-02-07T15:44:39Z,0,Are you sure with his all issues. Most the most problem is green line in screen 🤦🏻‍♂️
53,5,dragosalincseplo1713,dragosalincseplo1713,OfraXhBuybk,2024-02-08T07:03:23Z,2024-02-08T07:03:23Z,0,"I have also iPhone and Samsung and to be honest iPhone have better connectivity that Samsung, if I&#39;m driving I always lose signal on Samsung and not just me, my wife etc but on iPhone I don&#39;t have this problem, I use the same operator the same sim etc"
54,87,ismaelelharrakzoubair7039,ismaelelharrakzoubair7039,OfraXhBuybk,2024-02-07T12:53:03Z,2024-02-07T12:53:03Z,0,ultra man
55,88,watchluver,watchluver,OfraXhBuybk,2024-02-07T12:48:48Z,2024-02-07T12:48:48Z,0,"I pre-ordered mine on the 17th of January with a promised delivery date of January 31st.... It&#39;s been changed to the 26th of Feb, then to the 21st of Feb... I will never preorder a Samsung phone ever again. I have 2 co-workers who ordered theirs after me and received them like 10 days ago!  I&#39;ve been a very loyal Samsung guy for 15 years, but there is no excuse to be this un-prepared for shipping! could be my last samsung phone?"
56,16,gbl4261,gbl4261,OfraXhBuybk,2024-02-08T02:46:04Z,2024-02-08T02:46:04Z,0,does the Samsung Camera Assistant help?
57,15,tub73431,tub73431,OfraXhBuybk,2024-02-08T03:00:09Z,2024-02-08T03:00:09Z,0,Only thing keeping me back is iMessage.
58,91,shelbyfanman,shelbyfanman,OfraXhBuybk,2024-02-07T11:23:46Z,2024-02-07T11:23:46Z,0,It’s probably the first time when the S24 plus is a better option
59,92,mysticmangos,mysticmangos,OfraXhBuybk,2024-02-07T11:19:43Z,2024-02-07T11:19:43Z,0,"Watching from my old s20 plus that is due for an upgrade, maybe the 512gb version!"
60,4,dragosalincseplo1713,dragosalincseplo1713,OfraXhBuybk,2024-02-08T07:04:20Z,2024-02-08T07:04:20Z,0,The rest Samsung is just amazing phone and not just S24 ultra even s 22 ultra is still amazing phone in 2024
61,14,georgecostanza2695,georgecostanza2695,OfraXhBuybk,2024-02-08T04:18:31Z,2024-02-08T04:54:28Z,0,"Couple corrections: regarding lag, there are settings that allow you to change it. For those who don’t know, shutter response can be adjusted to prioritize speed, focus, or image processing. Secondly, Samsung issued a statement saying whatever AI features you currently have on your phone will remain on your phone, however capabilities introduced in the future may only be available through a paid subscription."
62,3,samanthabarker6907,samanthabarker6907,OfraXhBuybk,2024-02-08T07:37:04Z,2024-02-08T07:37:04Z,0,Just switched from iPhone 15 pro max to this and l do not miss Apple this phone is amazing ok Apple may be slightly faster but other than that the s24 ultra is 🔥🔥🔥
63,2,bookemjones,bookemjones,OfraXhBuybk,2024-02-08T07:42:37Z,2024-02-08T07:42:37Z,0,You can adjust the eq on this phone to improve the sound
64,97,felix-fzz,felix-fzz,OfraXhBuybk,2024-02-07T10:15:39Z,2024-02-07T10:23:03Z,0,Is this video shot on your new FX6 rig? Looks clean
65,98,joshchan5721,joshchan5721,OfraXhBuybk,2024-02-07T10:13:44Z,2024-02-07T10:13:44Z,0,"I think the S23 ultra has a 4855mAh battery? But other than that, great review. Brought up a lot of good points that I haven&#39;t seen it brought up elsewhere."
66,22,user-kl3dw8kv2u,user-kl3dw8kv2u,OfraXhBuybk,2024-02-08T02:08:54Z,2024-02-08T02:08:54Z,0,ultraman
67,33,brucefletcher3990,brucefletcher3990,OfraXhBuybk,2024-02-07T23:06:19Z,2024-02-07T23:06:19Z,0,ultra man
68,67,raheenb,raheenb,OfraXhBuybk,2024-02-07T15:53:30Z,2024-02-07T15:53:30Z,0,"I left for Pixel after my Note 20 Ultra because of the shutter lag. Pics of our kids were coming out too blurry. They&#39;re a little older now so can hold still better, but it&#39;s crazy the same issue more or less exists. Like why not fix it and just be that more dominant?"
69,11,TekkenGeneSiS,TekkenGeneSiS,OfraXhBuybk,2024-02-08T05:16:13Z,2024-02-08T05:16:13Z,0,I wonder why most ppl claimed that they used the ai voice translation but diddnt mention that it fails to translate &quot;slangs&quot;
70,31,PetePuebla,PetePuebla,OfraXhBuybk,2024-02-07T23:50:24Z,2024-02-07T23:50:24Z,0,Ultraman
71,36,PetePuebla,PetePuebla,OfraXhBuybk,2024-02-07T22:22:14Z,2024-02-07T22:22:14Z,0,I hope Samsung is watching this video and takes cues for improvement.
72,37,yildiz7482,yildiz7482,OfraXhBuybk,2024-02-07T22:13:47Z,2024-02-07T22:13:47Z,0,ultraman. Really great enjoyable review
73,38,AnCap1776,AnCap1776,OfraXhBuybk,2024-02-07T22:12:55Z,2024-02-07T22:12:55Z,0,Go to these settings to fix the shutter speed. Camera &gt; settings &gt; camera assistant &gt; Quick Tap Shutter
74,39,EvansAdam100,EvansAdam100,OfraXhBuybk,2024-02-07T22:12:37Z,2024-02-07T22:12:37Z,0,"You should do your research. Samsung days ago confirmed it is NOT paid, they MAY add future pay features, but what you have now will not be charged. This is lazy journalism, you&#39;ve just copied everyone else."
75,41,Annette8,Annette8,OfraXhBuybk,2024-02-07T22:00:09Z,2024-02-07T22:00:09Z,0,Really useful. Thankyou for this. The speakers are an issue in my samsung 21...and don&#39;t want this problem again.🙏🙏
76,43,jixyana2145,jixyana2145,OfraXhBuybk,2024-02-07T21:28:39Z,2024-02-07T21:28:39Z,0,Google AI on Samsung device wil be with subscription by 2025? I am not worried about that. Everything is going to be with subscription by then.
77,44,mdsmith1019,mdsmith1019,OfraXhBuybk,2024-02-07T21:12:57Z,2024-02-07T21:12:57Z,0,Ultraman!
78,45,SergeiFedorov77,SergeiFedorov77,OfraXhBuybk,2024-02-07T21:08:40Z,2024-02-07T21:08:40Z,0,"To be honest, the sound on a phone can never really be good because of the obvious physical constraints. If you&#39;re an audiophile you connect yor phone to a better system, just like you don&#39;t watch movies on the phone if you&#39;re a cinema-freak. Other than that, the phone seems to be very competent."
79,46,BRUCEPPXBB360,BRUCEPPXBB360,OfraXhBuybk,2024-02-07T20:50:24Z,2024-02-07T20:50:24Z,0,yooo You like LOGIC?! I LOVE LOGIC!! 🤩 TITS what a album!
80,47,hienho15,hienho15,OfraXhBuybk,2024-02-07T19:43:53Z,2024-02-07T19:43:53Z,0,Speaker problem....use Bluetooth speaker or earbuds.
81,48,claralu426,claralu426,OfraXhBuybk,2024-02-07T19:25:56Z,2024-02-07T19:25:56Z,0,I agree… pictures are often blurry with slight movements
82,28,bigd7696,bigd7696,OfraXhBuybk,2024-02-08T00:07:46Z,2024-02-08T00:11:19Z,0,"Shutter lag does not cause a blurry image, shutter speed does.  Lag just causes a delay in catching your subject.  If it&#39;s motionless when you press the button but moves as you are snapping, it will have a lower shutter speed, hence the blur.  Also, I understand wanting flagship sound from your speakers but there are limits.  My car pumps 100 rms into focal flax speakers and 500 watts rms into my subwoofer equipped with a passive radiator, all through a dedicated sound processor and it sounds excellent.  But my home system blows the car out of the water with it&#39;s sound.  Expecting a tiny device with pinhole, microscopic speakers to sound anything approaching good might be a straight run to disappointment.  Great review overall, thanks."
83,1,mihaipredescu,mihaipredescu,OfraXhBuybk,2024-02-08T08:02:50Z,2024-02-08T08:02:50Z,0,"As an owner of S24 Ultra I can say:<br>1. Shutter lag can be solved with the future software update *are you sure you selected &quot;shutter speed over quality&quot; option ?<br>2. The audio quality is super good even with no Dolby Atmos enabled ( so you are a bit subjective putting Samsungs vs. Apple, better put Samsung old devices vs Samsung new devices and compare).<br><br>3. Video and photo quality : no more words to describe the good quality.<br><br>Feel happy with your purchase 🥰I&#39;m gonna stick to my new phone for a good amount of time, as I am assured that 7 years of updates, and O/S versions, a good battery (which I already set it to be optimized as much as I could), and a flat quality screen for larger writing S-Pen area real estate!"
84,51,hankmiller990,hankmiller990,OfraXhBuybk,2024-02-07T18:30:10Z,2024-02-07T18:30:10Z,0,There&#39;s a simple solution for the shutter lag. It&#39;s an AI setting. If you change this the shutter lag is about zero.
85,52,lbeetech,lbeetech,OfraXhBuybk,2024-02-07T18:23:10Z,2024-02-07T18:23:10Z,0,The Apple eco-system is a prison. That is what the intention of it is. Don&#39;t succomb to it...
86,53,woofinu,woofinu,OfraXhBuybk,2024-02-07T18:17:28Z,2024-02-07T18:17:28Z,0,"For me, besides the AI features, what&#39;s important are the stylus (precision is more useful for some AI actions), and the screen (less reflective and more scratch resistant). I am happy that many of the improvements have tangible values and benefits to the user, going beyond the &quot;15% faster CPU claims.&quot;"
87,54,lbeetech,lbeetech,OfraXhBuybk,2024-02-07T18:10:00Z,2024-02-07T18:10:33Z,0,"You don&#39;t know how to use the phone yet. Stop comparing it to the iPhone, that&#39;s the problem. The AI services aren&#39;t paid yet, so why is this an issue today?"
88,27,chaeugene,chaeugene,OfraXhBuybk,2024-02-08T00:08:40Z,2024-02-08T00:15:17Z,0,"As usual, nice review! 👍<br><br>Also, I&#39;m excited to see you &#39;dive deeper into the Android world&#39;. I&#39;ll definitely look forward to future reviews of those. And yeah, ultraman."
89,13,mikeecalvary,mikeecalvary,OfraXhBuybk,2024-02-08T04:29:25Z,2024-02-08T04:29:25Z,0,I&#39;ve been a samsung fan for the longest. I used to have a iphone work phone so I would always compare the both and the thing that kept me away from apple was that after you pay all this money for a phone apple then tells you that you can only use it&#39;s technology if it&#39;s an apple product. Casting to tv is then out unless it&#39;s an apple tv. Samsung on the other hand will give you 99% control of other technology even if it&#39;s not samsung. Simple.
90,57,deadlyalliance8281,deadlyalliance8281,OfraXhBuybk,2024-02-07T17:39:05Z,2024-02-07T17:39:05Z,0,This doesn&#39;t do anything the s23 ultra can&#39;t already for 99% of all things.
91,58,special_edition,special_edition,OfraXhBuybk,2024-02-07T17:12:09Z,2024-02-07T17:12:09Z,0,How about the washed up screen? Have you noticed it?
92,26,cosmicaxis4840,cosmicaxis4840,OfraXhBuybk,2024-02-08T00:40:14Z,2024-02-08T00:40:14Z,0,"There is definitely a low volume  issue with this phone which does not seem to effect all devices, the  sound compared to the s23 ultra is seriously lacking, appalling actually, the s23 ultra at the exact same volume level drowns out the s24 ultra easily, so does the s22 ultra,  like others who have reported this issue on Reddit I have performed every audio trick possible on this device and checked the volume limit function which was already off and  nothing worked,  it has  been suggested that switching the equaliser setting to normal can fix the issue and has for some but not others, including myself, i downloaded an equaliser app cranked it up fully and the volume was instantly improved, not to the same standard as the s23 ultra but very close, however,  the sound is still muted or muffled it sounds like its being played in a vacuum,  apparently there is an issue with the calibration and dynamic range which was described as being so bad it is below amateurish..I am not an audio exoert but it is obvious that the 24 ultra lacks the same audio quality that the 23 ultra has, ive also noticed that changing the equaliser in the settings made next to no difference as if it is stuck on normal mode, it seems this is a software issue as not all phones have this problem and the speakers are fine with notifications, the equaliser i downloaded has definitely improved the low volume problem and gives an indication of how good these speakers can be despite still having that &#39;Hollow&#39; sound...Samsung has yet to acknowledge this problem hopefully a future update can resolve this, in every other respect for me  this phone is great, it just has that one nagging issue."
93,60,baylor3894,baylor3894,OfraXhBuybk,2024-02-07T16:54:42Z,2024-02-07T16:54:42Z,0,Really you&#39;re the only one that said the speakers don&#39;t sound that good come on man I disagree the speakers sound good
94,25,OleksiiK21,OleksiiK21,OfraXhBuybk,2024-02-08T01:26:49Z,2024-02-08T01:28:23Z,0,Maybe you have defective unit in terms of speakers? Because I have s23 ultra and I had 15 pro max they both sounds amazing and s24 ultra even better than s23 ultra cause I tested them both side by side. Or maybe you have alien ears with alien hearing so that&#39;s why idk bro but it&#39;s weird to hear. And it&#39;s also the first time I hear it from someone to be honest even tech reviewers never said it
95,62,tourainemoss3896,tourainemoss3896,OfraXhBuybk,2024-02-07T16:39:33Z,2024-02-07T16:39:33Z,0,I pre-ordered mine and it doesn’t come in until another 20 days
96,24,user-dz7vv8ym4y,user-dz7vv8ym4y,OfraXhBuybk,2024-02-08T01:40:27Z,2024-02-08T01:40:27Z,0,reverse charging is actually 4.5w
97,64,kunalvora7861,kunalvora7861,OfraXhBuybk,2024-02-07T16:25:11Z,2024-02-07T16:25:11Z,0,What about heating issue while using camera and other apps??!!
98,10,whoistylerdurden1652,whoistylerdurden1652,OfraXhBuybk,2024-02-08T05:59:33Z,2024-02-08T05:59:52Z,0,How did you get 2 days and 6 hours of battery life from a 90% charge? I am currently on 60% and I only have 20 hrs and 22 mins of charge left. Do you think this warrants a replacement? Hope to hear from you
99,12,martinpratley4632,martinpratley4632,OfraXhBuybk,2024-02-08T04:31:40Z,2024-02-08T04:31:40Z,0,If u look into it every A.I features that come with it remain free but new ones will be charged
100,87,alan.l7,alan.l7,mEBbk38ENDA,2024-01-26T13:36:59Z,2024-01-26T13:36:59Z,105,You wanted features exclusive to the ultra; software gatekeeping is one of my biggest complaints about the iPhone and now Pixel phones. If there&#39;s no hardware limitations then you&#39;re only doing it to force people to spend more.
101,24,HadiFab,HadiFab,mEBbk38ENDA,2024-01-27T11:31:29Z,2024-01-27T11:31:29Z,20,Anti-reflection screen is one of key features of S24U<br>how didn&#39;t you notice?
102,93,fmulleady,fmulleady,mEBbk38ENDA,2024-01-26T13:10:08Z,2024-01-26T13:11:06Z,18,All the S23 Ultra needs is updates to improve colours &amp; skintones. The S24U is fine for people upgrading from the S22 series and below. Not a significant uograde on the S23U.
103,88,BlazeingGoldReviews,BlazeingGoldReviews,mEBbk38ENDA,2024-01-26T13:28:59Z,2024-01-26T13:28:59Z,17,"i have owned every note phone, except the 7.  i had a s22,23, and now i will have a s24 ultra.  long live the note range in whatever forms it may take"
104,63,saygr8,saygr8,mEBbk38ENDA,2024-01-26T15:46:50Z,2024-01-26T15:47:50Z,16,I think nowadays people miss out the entire point of s24 ultra. The phone was the replacement of Note series. The most business oriented professional work phone. I&#39;ve had times at the airport or standing in a bus where I made full on presentations on my note. I extensively used the note for reading and annotating my thoughts using the s pen and that&#39;s where the core strengths of this device lies. Which is also why it&#39;s so much more expensive as well. Because serves not only as the iPhone Pro Max rival but also the rival of an iPad Mini WITH an apple pencil.<br><br>Edit:  I&#39;m upgrading to this one. Already preordered it. Upgrading from my old note 8. Can&#39;t wait to see the gains.
105,60,user-jn9np1cq7o,user-jn9np1cq7o,mEBbk38ENDA,2024-01-26T16:05:03Z,2024-01-26T16:05:03Z,11,This reviewer is NOT a tech enthusiast. It shows in all of her reviews. There is nothing you get out of her videos as she&#39;s just reciting the marketing script. She is just not interested in the subject matter.
106,76,JohnSmith-ef8nr,JohnSmith-ef8nr,mEBbk38ENDA,2024-01-26T14:28:05Z,2024-01-26T14:28:05Z,9,"The S24 is faulty, vivid colour mode doesn&#39;t work on all S24 phones.<br>Samsung need to sort this out fast."
107,53,30kk,30kk,mEBbk38ENDA,2024-01-26T17:14:12Z,2024-01-26T17:16:41Z,9,Why is the reviewer trying to advocate to gatekeep software features? Tf?
108,73,jayEast07,jayEast07,mEBbk38ENDA,2024-01-26T14:48:39Z,2024-01-26T14:48:39Z,8,Getting from a iPhone 11 pro max<br>Used to always love android and happy to be back
109,42,JoeBlunt,JoeBlunt,mEBbk38ENDA,2024-01-26T19:56:33Z,2024-01-26T19:56:33Z,8,The ultra isn&#39;t a separate device it&#39;s one of the 3 s24 devices so they all should have the AI features.  The ultra already has exclusive camera features and the whole suite related to the s-pen.
110,95,thecunninlynguist,thecunninlynguist,mEBbk38ENDA,2024-01-26T13:06:00Z,2024-01-26T13:06:00Z,8,"cannot wait. I&#39;m also excited the flip 5&#39;s getting some of the AI stuff. I&#39;ve missed the note series, so getting my first Ultra will be a return to form."
111,78,tracybrovan3997,tracybrovan3997,mEBbk38ENDA,2024-01-26T14:17:29Z,2024-01-26T14:17:29Z,6,"I just pulled the trigger on the S24 Ultra !  I have my NOTE 8 since the first day, August 23rd, 2017 !  Everyone is telling me that I am making a &quot;monumental&quot; upgrade going from a NOTE 8 to a S24 Ultra !?"
112,65,bwell01,bwell01,mEBbk38ENDA,2024-01-26T15:42:38Z,2024-01-26T15:42:38Z,6,"The S Pen has been around since the 1st note.  Saying it debuted with the S22U is misleading to say the least as a name change doesn&#39;t remove the fact that todays ultra device is nothing more than a rebadged Note device.  Regardless, Note/ Ultra devices have consistently been the best devices out since the Note 10 era if you prefer productivity over bubble color."
113,64,kurtmomot458,kurtmomot458,mEBbk38ENDA,2024-01-26T15:44:12Z,2024-01-26T15:44:12Z,6,My S24 Ultra is on the delivery truck.
114,74,jayEast07,jayEast07,mEBbk38ENDA,2024-01-26T14:44:44Z,2024-01-26T14:44:44Z,6,Mine comes in today 😅
115,72,brianatexeira,brianatexeira,mEBbk38ENDA,2024-01-26T15:11:44Z,2024-01-26T15:11:44Z,5,"Well worth the pricing for the S24 ultra. Samsung has alway had an amazing trade in policy, which makes it well worth it. The features you cannot beat compare. Yes, maybe with the next update there will be more AI features. Samsung listens to their consumers. Happy that it is a flat screen this time around!! Can’t wait to find out more from Samsung."
116,66,TheAegisClaw,TheAegisClaw,mEBbk38ENDA,2024-01-26T15:40:24Z,2024-01-27T09:38:01Z,5,"Why were you testing a 5x zoom lens against at 10x zoom lens at 5x. It won&#39;t even be using the 10x lens on the S23 Ultra at 5x, it will be using digital zoom on the main lens."
117,79,EricTheRed06,EricTheRed06,mEBbk38ENDA,2024-01-26T14:15:02Z,2024-01-26T14:15:02Z,5,Mine will be arriving today!
118,33,atheistmecca971,atheistmecca971,mEBbk38ENDA,2024-01-26T23:50:34Z,2024-01-26T23:51:08Z,4,It&#39;s so hard to get a real review because everyone is a Samsung affiliate now. I appreciate this one.
119,67,awkc63,awkc63,mEBbk38ENDA,2024-01-26T15:39:36Z,2024-01-26T15:39:36Z,4,Watching this on my S24 Ultra
120,57,fc676,fc676,mEBbk38ENDA,2024-01-26T16:43:53Z,2024-01-26T16:43:53Z,4,"Is this a worthy upgrade from s21 ultra?  My main reason for upgrading is a flat screen.  S21 is still a beast but I really dont like its curved edges.  But I mean other than that, is it worth it?"
121,54,user-bi3if4sw8f,user-bi3if4sw8f,mEBbk38ENDA,2024-01-26T17:01:21Z,2024-01-26T17:01:21Z,4,"Samsung only did one thing that the people asked for, which was to make the ultra with a flat screen, but didn&#39;t make the selfie camera hidden under the display along with making the screen a 144hz refresh rate and giving it a 16 gig ram. I mean, even the s21 ultra came with 16 gig ram and were in 2024 it should DEFINITELY automatically come with a 16 gig ram. They also are going backward in charging capabilities. It should come with 65w fast charging automatically. For the price, it&#39;s just unnecessary."
122,77,foetor,foetor,mEBbk38ENDA,2024-01-26T14:19:05Z,2024-01-26T14:19:05Z,3,"Huge display issues, a lot of greyish. Night pictures are bad too. Staying with my 23Ultra"
123,83,That40YearOldGeek,That40YearOldGeek,mEBbk38ENDA,2024-01-26T13:52:43Z,2024-01-26T13:52:43Z,3,"After owning the S22 Ultra with its sub-par battery life, I welcome this new update with open arms as the S24 Ultra&#39;s battery performance ever so improved from the S23 Ultra, from what I&#39;ve seen."
124,91,AngelMartinez-qs3cf,AngelMartinez-qs3cf,mEBbk38ENDA,2024-01-26T13:12:47Z,2024-01-26T13:12:47Z,3,"I have a question if anybody can answer it, I would greatly appreciate it.  I have the Samsung Galaxy Note 10+.  I love the Note, but I would like to upgrade to the Samsung Galaxy S24 Ultra.  I bought the Note 10+ in 2019. I am trading it in for the S24 Ultra.  Is it worth upgrading.  What&#39;s your opinion?"
125,59,gauravsood592,gauravsood592,mEBbk38ENDA,2024-01-26T16:18:39Z,2024-01-26T16:18:39Z,3,Watching on my S24 Ulra Blue special edition❤
126,92,brandonsmith6962,brandonsmith6962,mEBbk38ENDA,2024-01-26T13:10:44Z,2024-01-26T13:10:44Z,3,That translation is dope<br>But that call screening from Google is top tier hard to beat that
127,49,gregp.7148,gregp.7148,mEBbk38ENDA,2024-01-26T18:14:36Z,2024-01-26T18:14:36Z,3,"My 6.9” S20 Ultra still works like a charm. Not seeing enough reasons to upgrade. And really like my other phone, the iPhone 13 Pro Max."
128,97,Cmdrjo,Cmdrjo,mEBbk38ENDA,2024-01-26T13:01:21Z,2024-01-26T13:01:49Z,3,"First, and my S24 ultra is arriving today!!!"
129,29,jasontungjw,jasontungjw,mEBbk38ENDA,2024-01-27T04:07:55Z,2024-01-27T04:07:55Z,2,Upgraded from S22 Ultra and cannot wait to setup this phone tomorrow!
130,52,A7medAbdouu,A7medAbdouu,mEBbk38ENDA,2024-01-26T17:26:48Z,2024-01-26T17:26:48Z,2,"Samsung paid a lot to youtubers to repeat the same stupid script of AI, the phone apparently is a flop and a replica of last year&#39;s phone, and they are trying to push it again with the stupid AI propaganda and Samy won&#39;t sell as much as they want this year."
131,94,evelinecarolinelienhuaming1184,evelinecarolinelienhuaming1184,mEBbk38ENDA,2024-01-26T13:08:55Z,2024-01-26T13:08:55Z,2,The Best Ultra Device with Best Ultra Experience!!! 👍🏻😃👍🏻
132,45,ChowdahBFH,ChowdahBFH,mEBbk38ENDA,2024-01-26T19:27:20Z,2024-01-26T19:27:20Z,2,"You failed to mention the new Gorilla Armor Screen, and the lower reflectivity that comes with it. Uncomplete review"
133,36,emjm9383,emjm9383,mEBbk38ENDA,2024-01-26T20:38:19Z,2024-01-26T20:38:19Z,2,"i use my S22U for building inspections, and like the 10x zoom to shoot small details of things far out of reach. i think i&#39;ll miss not having a 10x zoom."
134,81,YankeesGiants,YankeesGiants,mEBbk38ENDA,2024-01-26T13:57:13Z,2024-01-26T13:57:13Z,2,The s pen was on the notes
135,40,hienho15,hienho15,mEBbk38ENDA,2024-01-26T20:16:49Z,2024-01-26T20:23:14Z,2,Love the review.  I buy Samsung and I like hearing the criticisms sometimes.  Not everything you purchase or your preferences are perfect.  Personally I probably use one of the AI features on there and the rest is pointless to have because I used others google app for it anyway.  I would love Samsung to copy the &quot;Voice to Text&quot; features like the one on the pixel phone.  It is so great to use your voice to text.  All androids have it but the pixel takes it to another level.  It allows to correct mistakes without having to touch the keyboard.
136,61,MIB215,MIB215,mEBbk38ENDA,2024-01-26T15:57:35Z,2024-01-26T15:57:35Z,2,"Okay, so you&#39;re obviously an iPhone user. The iPhone has been the same for how many years with little updates. The iPhone is trash it doesn&#39;t even have REAL MULTITASKING. come on CNET, I expect better than this."
137,21,NoirHammer,NoirHammer,mEBbk38ENDA,2024-01-27T16:26:50Z,2024-01-27T16:26:50Z,1,"I can&#39;t wait to save up every penny for the S24 so I can then  put the money into important stuff like rent, food, and bills."
138,55,quibblegaze,quibblegaze,mEBbk38ENDA,2024-01-26T17:00:34Z,2024-01-26T17:00:34Z,1,"<a href=""https://www.youtube.com/watch?v=mEBbk38ENDA&amp;t=32"">0:32</a>: 📱 Samsung&#39;s Galaxy S24 Ultra introduces Galaxy AI, powered by generative AI, available across all S24 phones. Other upgrades include new processor and brighter screen.<br><a href=""https://www.youtube.com/watch?v=mEBbk38ENDA&amp;t=165"">2:45</a>: 📱 Samsung Galaxy S24 Ultra introduces innovative language translation feature in its keyboard and phone app, providing seamless communication across different languages.<br><a href=""https://www.youtube.com/watch?v=mEBbk38ENDA&amp;t=296"">4:56</a>: 📱 Innovative features of Samsung Galaxy S24 Ultra include instant slow motion, chat assist, and circle search for recipes and restaurants.<br><a href=""https://www.youtube.com/watch?v=mEBbk38ENDA&amp;t=457"">7:37</a>: 📸 Comparison of camera features and image quality between Samsung Galaxy S24 Ultra and S23 Ultra, with improved zoom and detail preservation.<br><a href=""https://www.youtube.com/watch?v=mEBbk38ENDA&amp;t=611"">10:11</a>: 📱 Samsung&#39;s latest flagship phone features a 6.8 inch screen with a 2600 nit display, and a 5000 milliamp battery for all-day usage.<br>Recapped using Tammy AI"
139,56,user-ro5cn8ih5o,user-ro5cn8ih5o,mEBbk38ENDA,2024-01-26T16:59:39Z,2024-01-26T16:59:39Z,1,"I use it for my work, and no phone out there can replace it"
140,85,smittyvanjagermanjenson182,smittyvanjagermanjenson182,mEBbk38ENDA,2024-01-26T13:47:03Z,2024-01-26T13:47:03Z,1,It&#39;s tempting because I&#39;m on a galaxy s20+. Her take seems to be aimed at people on galaxy s23 not upgrading. According to a Qualcomm chip comparison their snapdragon gen 3 is just over twice as powerful as what&#39;s in my phone. I&#39;m going to hold off until the S25 I think.
141,8,rhorlandas,rhorlandas,mEBbk38ENDA,2024-01-29T07:39:27Z,2024-01-29T07:39:27Z,1,It&#39;s really a good phone if you have the budget
142,62,elementkx,elementkx,mEBbk38ENDA,2024-01-26T15:56:14Z,2024-01-26T15:56:14Z,1,"I guess when hardware creativity has been tapped out, you gotta think of another gimmick to sell phones."
143,50,MrIloveulongtime,MrIloveulongtime,mEBbk38ENDA,2024-01-26T17:59:28Z,2024-01-26T17:59:28Z,1,there is just no convincing me that the ultra is worth 300$ for a pen and slightly better camera. If anything the ultra feels oddly cheaper. I went and tested both in store and chose the plus easily.
144,82,awesomeadamfrom2099,awesomeadamfrom2099,mEBbk38ENDA,2024-01-26T13:53:54Z,2024-01-26T13:53:54Z,1,So awesome tech
145,11,Moe395,Moe395,mEBbk38ENDA,2024-01-28T18:10:59Z,2024-01-28T18:10:59Z,1,I purchased the S24 ultra for the wife&#39;s birthday. I use the Samsung trade in program to get the best price everytime I purchase a new phone. This purchase gave me free ear phones. Thanks Samsung.
146,70,rodlovely5598,rodlovely5598,mEBbk38ENDA,2024-01-26T15:28:50Z,2024-01-26T15:28:50Z,1,I remain content with my S22 Ultra
147,71,naante75,naante75,mEBbk38ENDA,2024-01-26T15:27:41Z,2024-01-26T15:28:01Z,1,AI is not going to be available on GS22U!
148,15,vindam12,vindam12,mEBbk38ENDA,2024-01-28T13:19:56Z,2024-01-28T13:19:56Z,1,"Well 1st, most people will be trading in their phones and paying less than 1300. I got my ultra for $712 before tax with trade. And all phone have reached a point where their not much else you can do to the design without taking a risk of off putting the consumer. So I think most people shouldn’t upgrade every year 2 years is the minimum and when the phone can’t do updates is ideal."
149,75,xash06,xash06,mEBbk38ENDA,2024-01-26T14:35:38Z,2024-01-26T14:35:38Z,1,Good review
150,6,liltony514,liltony514,mEBbk38ENDA,2024-01-31T14:22:27Z,2024-01-31T14:22:27Z,1,I UPGRADED LOL ITS WORTH IT. I HAD A NOTE 20 5G WITH NO ISSUES BUT THE AI UPGRADES WERE THE SELLING POINTS FOR ME
151,14,ALONZOBELL,ALONZOBELL,mEBbk38ENDA,2024-01-28T14:00:38Z,2024-01-28T14:00:38Z,1,I&#39;m keeping my S23 ultra.
152,47,5staroftheweek,5staroftheweek,mEBbk38ENDA,2024-01-26T18:31:27Z,2024-01-26T18:31:27Z,1,"How come none of the influencers that I watch on YouTube, That review the S24, Don&#39;t mention having to pay for the AI features in 2025???"
153,46,DamascusHarris,DamascusHarris,mEBbk38ENDA,2024-01-26T18:44:34Z,2024-01-26T18:44:34Z,1,"Reviewers have not mentioned that Samsung, direct and via carrier partners, is giving $650 on the trade of an S22 Ultra, effectively bringing the cost of the phone down to $650 along with $100/$200 in credit towards accessories. If you trade an S23 Ultra they give $750.  So that cost versus feature analysis should be revisited."
154,44,Lightmanone,Lightmanone,mEBbk38ENDA,2024-01-26T19:31:14Z,2024-01-26T19:31:14Z,1,"Are you absolutely out of your mind? You would have LIKED it that the Ultra would have something exclusive? Are you crazy??? GATEKEEPING IS BAD. My god. Praise them for it. You can now choose the phone you actually WANT instead of having to worry you miss out of stuff. You want a better camera? Go with the more expensive one. Want a pen, go for the Ultra. But all of them are good enough to use ALL the features. You pay for HARDWARE this time, not software. This is a GOOD direction!"
155,34,sunUK20,sunUK20,mEBbk38ENDA,2024-01-26T22:43:18Z,2024-01-26T22:43:18Z,1,I think you&#39;d be a lot more beautiful in blonde or your natural hair😊
156,27,IntrovertClint,IntrovertClint,mEBbk38ENDA,2024-01-27T06:52:06Z,2024-01-27T06:52:06Z,1,7 years of update
157,41,user-qi1gg1gs5b,user-qi1gg1gs5b,mEBbk38ENDA,2024-01-26T19:58:45Z,2024-01-26T19:58:45Z,1,So its basicly the s22 ultra and s23 ultra
158,48,kakashi99908,kakashi99908,mEBbk38ENDA,2024-01-26T18:23:00Z,2024-01-26T18:23:00Z,1,I have an S20 with screen burn in and the battery life is pretty poor even with a replacement battery. I think I will either get a S24 and keep it for 3+ years or buy a used Fold 3 to hold me over until the S25.
159,35,smfl106,smfl106,mEBbk38ENDA,2024-01-26T21:06:22Z,2024-01-26T21:07:05Z,1,I have to upgrade after 4 years with my 20+. And needing DEX this was the choice I made. Ain&#39;t nobody paying full price for this phone though... Like do a little research.
160,9,familycosgrove817,familycosgrove817,mEBbk38ENDA,2024-01-29T05:33:58Z,2024-01-29T05:33:58Z,0,"I still had 69% battery left, tries not to giggle"
161,96,Badhans2007,Badhans2007,mEBbk38ENDA,2024-01-26T13:03:37Z,2024-01-26T13:03:37Z,0,1st
162,2,justinye9138,justinye9138,mEBbk38ENDA,2024-02-04T18:31:33Z,2024-02-04T18:31:33Z,0,There is a very major issue with the s24 series screen. Washed out color compair to the previous generations. There is big thread in Samsung&#39;s own community forum. Android authority also has 2 articles mention this problem. There is no fix to this problem even you change from Natural to vivi profile under screen mode of the display settings. As of your major reviewer should mention about this. We need all the voice to force Samsung address this problem.
163,12,fearless0074,fearless0074,mEBbk38ENDA,2024-01-28T16:15:04Z,2024-01-28T16:15:04Z,0,How beautiful you are 💓 you are gorgeous.. nd your hands also so softy 👌🏻❤️💞
164,10,rishikanpuraskul1740,rishikanpuraskul1740,mEBbk38ENDA,2024-01-29T01:16:29Z,2024-01-29T01:16:29Z,0,"A good review but too late, please tell me something I don&#39;t know. Thanks."
165,89,BIGD39hki,BIGD39hki,mEBbk38ENDA,2024-01-26T13:23:01Z,2024-01-26T13:23:01Z,0,Trash
166,80,escape_from_consent_city,escape_from_consent_city,mEBbk38ENDA,2024-01-26T14:04:43Z,2024-01-26T14:04:43Z,0,Does it have a rain touch screen like one plus 12? I know it&#39;s ip68 but
167,3,pepefrogic3034,pepefrogic3034,mEBbk38ENDA,2024-02-03T11:36:12Z,2024-02-03T11:36:12Z,0,"Circle to search is not a new ai feature, it is litelarily google image search which you can use on google search, its called google lens. Sure, its convenient to have easey access from everywhere, but its hardly anything spectacular. Most useful are image ai options, which are likely in the cloud. So, after 2025 they might be canceled. The summarising and translations are somewhat useful, but there is already chatgpt. Google pixel phone has better ai features and was there first, but it is good they are moving in this direction, all smartphones will follow pixel and s series samsung."
168,4,nycourtclerk,nycourtclerk,mEBbk38ENDA,2024-02-02T22:55:09Z,2024-02-02T22:55:09Z,0,Will you be able to circle items with a screen protector? Any recommendations?
169,90,AK__Productions,AK__Productions,mEBbk38ENDA,2024-01-26T13:21:20Z,2024-01-26T13:21:20Z,0,It is hard to buy this phone when there is a Fold5 on the market.
170,84,DarkStryder360,DarkStryder360,mEBbk38ENDA,2024-01-26T13:47:05Z,2024-01-26T13:47:05Z,0,"Galaxy AI comes to S23U.  There you go, it&#39;s a pointless upgrade."
171,86,anyadike,anyadike,mEBbk38ENDA,2024-01-26T13:42:10Z,2024-01-26T13:42:10Z,0,"The call translation is interesting, but I will almost never use it. I wondered why they didn&#39;t put translation features in the call screening function... I use the Bixby call-screening almost every other day, so any extra features would be appreciated"
172,7,Harzexe,Harzexe,mEBbk38ENDA,2024-01-30T06:46:24Z,2024-01-30T06:46:24Z,0,"You know that these AI features will be charged extra from 2025? So if you won&#39;t want to pay extra AI subscription, most of these functions will dissapear from your phone..."
173,5,chuckcross9973,chuckcross9973,mEBbk38ENDA,2024-02-01T03:52:07Z,2024-02-01T03:52:07Z,0,Clown hair SMH
174,20,joedavison2675,joedavison2675,mEBbk38ENDA,2024-01-27T16:30:57Z,2024-01-27T16:30:57Z,0,Does this still have signal/connectivity issues likes the S23 Ultra? I spent so much time with 1 to 2 bars of 5G sometimes slipping into full 4G while my wife on her S22 Regular has full 5G. Very concerning if still persist.
175,13,rsrproductions630,rsrproductions630,mEBbk38ENDA,2024-01-28T16:03:44Z,2024-01-28T16:03:44Z,0,Can&#39;t take any review by somebody with pink hair seriously. Circus clowns know nothing about technology 🤡
176,26,olgawyrazinska6538,olgawyrazinska6538,mEBbk38ENDA,2024-01-27T09:23:44Z,2024-01-27T09:23:44Z,0,Też macie nieaktywny tryb żywy  ?   Kolory wyglądają jak na  tanim monitorze tft  z komisu za 400 zł.
177,31,aoikemono6414,aoikemono6414,mEBbk38ENDA,2024-01-27T01:34:26Z,2024-01-27T01:34:26Z,0,This AI phone is perfect for an AI media company like CNET 🤣
178,32,schwinnbiking,schwinnbiking,mEBbk38ENDA,2024-01-27T00:36:15Z,2024-01-27T00:36:15Z,0,"I have &quot;circle to search&quot; in old s10, its called &quot;magic lens&quot; in google photo app"
179,28,happyatheists9361,happyatheists9361,mEBbk38ENDA,2024-01-27T06:31:23Z,2024-01-27T06:31:23Z,0,is this lady complaining about Samsung also giving ai features to low end Samsung phone? is this lady an  diot?is she using iphone?i don&#39;t think smart person gonna complaining about that.
180,37,AaronCrawford,AaronCrawford,mEBbk38ENDA,2024-01-26T20:25:48Z,2024-01-26T20:25:48Z,0,Do people upgrade only from the S23U?
181,38,Mogamishu,Mogamishu,mEBbk38ENDA,2024-01-26T20:19:27Z,2024-01-26T20:19:27Z,0,Unvaccinated
182,39,Mogamishu,Mogamishu,mEBbk38ENDA,2024-01-26T20:19:09Z,2024-01-26T20:19:09Z,0,Fraud
183,43,josephrayborn8030,josephrayborn8030,mEBbk38ENDA,2024-01-26T19:42:53Z,2024-01-26T19:42:53Z,0,Isheep review
184,1,gxguy2906,gxguy2906,mEBbk38ENDA,2024-02-05T23:28:49Z,2024-02-05T23:28:49Z,0,wtf!!! open software is what we should be fighting. Now you want it exclusive......
185,51,Maienka,Maienka,mEBbk38ENDA,2024-01-26T17:49:44Z,2024-01-26T17:49:44Z,0,Great video! ❤Was the phone comfortable in your hand to use?
186,25,richarddcrossley,richarddcrossley,mEBbk38ENDA,2024-01-27T09:57:49Z,2024-01-27T09:57:49Z,0,Nice max mara coat via circle to search 😅
187,69,princeerick11,princeerick11,mEBbk38ENDA,2024-01-26T15:29:35Z,2024-01-26T15:29:35Z,0,Why do people act like this phone is Nice? <br>The camera sucks and so laggy.<br>I swear what people would do for clout😒😒😒
188,23,goodkarmaish,goodkarmaish,mEBbk38ENDA,2024-01-27T12:45:29Z,2024-01-27T12:45:29Z,0,Tolkien 12 mints on noting
189,58,BoRerunn,BoRerunn,mEBbk38ENDA,2024-01-26T16:26:31Z,2024-01-26T16:26:31Z,0,"Bigger and clunky, eazy pass"
190,22,fakeperson4844,fakeperson4844,mEBbk38ENDA,2024-01-27T13:54:55Z,2024-01-27T13:57:16Z,0,"Please don&#39;t promote software gatekeeping as good. Sure it would likely benefit Samsung as a company, but it&#39;s one of the worst things for consumers, and Samsung is one of the few companies not to do this. Are you reviewing the phone from the perspective of a consumer or the perspective of Samsung&#39;s sales team?"
191,30,efrainvelez6201,efrainvelez6201,mEBbk38ENDA,2024-01-27T03:57:26Z,2024-01-27T03:57:26Z,0,The translating app can help alot for me because I don&#39;t speak Spanish and have trouble for me to come up for words in Spanish to come in my head but with this it can help me with speaking with my grandmother
192,19,nuyou21,nuyou21,mEBbk38ENDA,2024-01-27T17:52:53Z,2024-01-27T17:52:53Z,0,"So, the S24 Ultra looks the same as previous years but with Apple&#39;s titanium and Google&#39;s AI. Talk about coming off as desperate these days Samsung 🤭🤦‍♂"
193,18,gokhantolun1438,gokhantolun1438,mEBbk38ENDA,2024-01-28T03:55:44Z,2024-01-28T03:55:44Z,0,A full review about a flagship PHONE that doesn&#39;t mention its voice call quality or connection stability? I&#39;m starting to feel old! 😄
194,17,EnronnSierra,EnronnSierra,mEBbk38ENDA,2024-01-28T07:13:32Z,2024-01-28T07:13:32Z,0,"Such an ugly phone, I&#39;m sorry, but that rectangle boxy look just like big cop out. Its surprising though how even a phone from 2017 is still good enough for what most do and need."
195,16,user-os3uw4fj8h,user-os3uw4fj8h,mEBbk38ENDA,2024-01-28T11:42:49Z,2024-01-28T11:42:49Z,0,Thanks for your outstanding review of the Samsung Galaxy 24 Ultra.
196,68,N0MAD7175,N0MAD7175,mEBbk38ENDA,2024-01-26T15:35:10Z,2024-01-26T15:35:10Z,0,Long as they keep selling phones I guess. Surprised people keep paying for the same thing. Not saying it’s just Samsung but I miss the days where we’d be excited by a new phone design with new features.
197,0,SimonCrowther1,SimonCrowther1,mEBbk38ENDA,2024-02-06T14:27:53Z,2024-02-06T14:27:53Z,0,"Any thoughts on Vivid mode not working? Settings--&gt;Display--&gt;Screen Mode--&gt;Vivid isn&#39;t doing anything. It&#39;s just Natural (even when vivid is selected), and most people switch from Natural when they get their Samsung phone."
198,24,qasim5279,qasim5279,NgklIb6Ejyo,2024-01-25T16:19:06Z,2024-01-25T16:19:06Z,51,My S24 ultra has washed out colours compared to my s23 ultra ... not sure why tech &quot;influencers&quot; aren&#39;t talking about this.
199,30,nishchaynish9909,nishchaynish9909,NgklIb6Ejyo,2024-01-25T14:59:37Z,2024-01-25T14:59:37Z,18,Ordered the titanium grey yesterday now waiting to receive it
200,11,GetSomeSunWithPaz,GetSomeSunWithPaz,NgklIb6Ejyo,2024-01-26T06:00:56Z,2024-01-26T06:01:17Z,17,"The washed out colours are caused by the enhanced eye comfort settings which are on by default making the screen look lighter and washed out.. goto settings, display, eye comfort shield turn on but turn enhanced comfort off and your screen will be normal"
201,26,kunalmondal568,kunalmondal568,NgklIb6Ejyo,2024-01-25T15:22:57Z,2024-01-25T15:22:57Z,15,Already got the 512gb titanium grey ❤
202,20,VDP86,VDP86,NgklIb6Ejyo,2024-01-25T17:53:14Z,2024-01-25T17:53:14Z,13,I just got my S24 ultra titanium grey ❤ just love to hold the majestic device in hands 🎉
203,0,DKHDOfficial,DKHDOfficial,NgklIb6Ejyo,2024-01-25T14:55:57Z,2024-01-25T14:55:57Z,13,"Are you guys happy with the battery life, cameras and durability of s24 ultra and are you going to update to s24 ultra?"
204,21,ccuk453,ccuk453,NgklIb6Ejyo,2024-01-25T17:19:46Z,2024-01-25T17:19:46Z,11,S24 ultra display is very washed out.. Less vibrant... Less saturated.. Less contrast compared to  s23 ultra. The display is a huge downgrade. Eveything looks very dull and washed out 😢
205,23,Gurenn83,Gurenn83,NgklIb6Ejyo,2024-01-25T17:17:02Z,2024-01-25T17:17:02Z,10,Still waiting for my S24U violet which feels like it is taking forever
206,28,LilGrimey5Star,LilGrimey5Star,NgklIb6Ejyo,2024-01-25T15:06:54Z,2024-01-26T00:00:44Z,6,"2nd! I order the Titanium Black 1TB, cancelled my order. Then ordered the Titanium Gray 1TB 😁"
207,12,amarsaini1986,amarsaini1986,NgklIb6Ejyo,2024-01-26T04:55:17Z,2024-01-26T04:55:17Z,5,What about sound quality of s24 ultra. Even my s22 ultra is louder than s24 ultra. Is there anyone facing the same issue or my s24 ultra has some issue
208,25,intivio-group,intivio-group,NgklIb6Ejyo,2024-01-25T15:55:10Z,2024-01-25T15:55:10Z,4,"screen test, very faint scratches at level 7, real scratch at level 8 and deep scratch at level 9, almost sapphire level!!!!<br>durability is really better than 15PM, TESTED!<br><br>please everyone, display tuning, camera updates and more will continue to come. please be patient"
209,27,wouter.d.h.,wouter.d.h.,NgklIb6Ejyo,2024-01-25T15:20:53Z,2024-01-25T15:20:53Z,4,Did the S24 Ultra already got the camera update??
210,8,ravikanthpvn3660,ravikanthpvn3660,NgklIb6Ejyo,2024-01-26T16:39:26Z,2024-01-26T16:39:26Z,3,Went to Samsung store and compared my S23 ultra with S24 ultra.<br>1. Didn&#39;t find the screen as smooth and attractive as s23 ultra<br>2. Somehow I like the curve in s23 ultra as it gives smooth gesture swiping feeling when using back swipe. No swipe back in Iphone so flat screen makes no difference there<br>3. 10x was ok but 100x was really bad in s24 ultra when compared with s23 ultra.<br>4. AI is all gimmick which I personally think is in its nascent stage and people may not be using it. future may be different.<br>but yes the interface seemed smooth in S24 display piece.
211,5,WavyVaporizers,WavyVaporizers,NgklIb6Ejyo,2024-01-27T09:51:09Z,2024-01-27T09:52:36Z,3,I just don&#39;t understand why the ultra didn&#39;t have the same exact body as the 24 and s24 plus 😭😭.. Literally had to go s24 plus because of the body alone. I have a s22 ultra and i love it but the corners poke to much and i always hated the corners. I was literally going to buy an iphone for the very first time due to the comfortability and thank God sammy made a phone with iphone body which i love alot.
212,10,18632,18632,NgklIb6Ejyo,2024-01-26T13:12:52Z,2024-01-26T13:12:52Z,2,I still think Samsung should make the S24 plus series a smaller version of the S24 Ultra. Same as what they did with the note 10 and note 10 plus. Keep it the same size as the plus model or slightly smaller? Couldn’t hurt
213,22,deanomoses51,deanomoses51,NgklIb6Ejyo,2024-01-25T17:17:32Z,2024-01-25T17:17:32Z,2,I ordered the Samsung s24 ultra titanium green .  Love the mint green colour and it looks awesome. .<br>The day later the pixel 8 pro brings one out.
214,4,Galvanized29,Galvanized29,NgklIb6Ejyo,2024-02-01T02:39:51Z,2024-02-01T02:39:51Z,2,I’m on the fence because I just got it and I really hate the colors of the display. Not sure if I want to keep it. It should be better in every way than the previous year. We shouldn’t have to compensate for a $1500 phone. I’m liking my 23 better at this point.
215,7,johnl.8616,johnl.8616,NgklIb6Ejyo,2024-01-26T19:17:41Z,2024-01-26T19:17:41Z,2,Gotta say that the charge times and battery last time in Samsung really sucks compared to the One Plus 12. The one plus is half the price and the same processor.
216,19,EllyG,EllyG,NgklIb6Ejyo,2024-01-25T20:44:33Z,2024-01-25T20:44:33Z,1,Ordered a violet 1TB
217,18,A_Sleman0,A_Sleman0,NgklIb6Ejyo,2024-01-25T21:00:53Z,2024-01-25T21:00:53Z,1,Already got the 512gb titanium grey <br>I&#39;m waiting the general S24U
218,17,leo.s8999,leo.s8999,NgklIb6Ejyo,2024-01-25T22:10:52Z,2024-01-25T22:10:52Z,1,Just subscribed <br>I love your video&#39;s
219,14,shahidrmshahi4848,shahidrmshahi4848,NgklIb6Ejyo,2024-01-26T03:52:00Z,2024-01-26T03:52:00Z,1,512 or 1TB which one should i go for?
220,29,khawarakram5604,khawarakram5604,NgklIb6Ejyo,2024-01-25T15:05:48Z,2024-01-25T15:05:48Z,1,Not good
221,9,kingofarabistan2008,kingofarabistan2008,NgklIb6Ejyo,2024-01-26T14:28:18Z,2024-01-26T14:28:18Z,1,I tried to order from Samsung but now it’s delivery date is 21 February.
222,16,Alphawave07,Alphawave07,NgklIb6Ejyo,2024-01-26T01:16:30Z,2024-01-26T01:16:30Z,1,I pre ordered a phantom black in 1 terabyte
223,2,amitvutukuri872,amitvutukuri872,NgklIb6Ejyo,2024-02-05T20:25:04Z,2024-02-05T20:25:04Z,0,"It&#39;s the screen issue. The hardware itself is like that. I own S24 ultra, it&#39;s not that vibrant and the greys also has grains in low brightness. It&#39;s the screen"
224,6,armandolizana2007,armandolizana2007,NgklIb6Ejyo,2024-01-27T06:14:43Z,2024-01-27T06:14:43Z,0,"Hi. I have S23U, and my complain is that when I record 4k video, the colors look oversaturated and washed out. Would you confirm if colors  are more natural when recording video with S24U?"
225,3,Amp1771,Amp1771,NgklIb6Ejyo,2024-02-05T01:35:28Z,2024-02-05T01:35:28Z,0,Anybody else getting a problem with the  floating notification hanging around for a minute. It&#39;s really annoying also the AI generate wallpaper does not work.
226,1,SimonCrowther1,SimonCrowther1,NgklIb6Ejyo,2024-02-06T14:28:13Z,2024-02-06T14:28:13Z,0,"Any thoughts on Vivid mode not working? Settings--&gt;Display--&gt;Screen Mode--&gt;Vivid isn&#39;t doing anything. It&#39;s just Natural (even when vivid is selected), and most people switch from Natural when they get their Samsung phone."
227,13,RAVIKUMAR-im1wy,RAVIKUMAR-im1wy,NgklIb6Ejyo,2024-01-26T04:47:50Z,2024-01-26T04:47:50Z,0,SECURE FOLDER BANKING APP NOT WORKING PROPERLY IN SAMSUNG S24 ULTRA
228,15,sajaldas4969,sajaldas4969,NgklIb6Ejyo,2024-01-26T02:05:32Z,2024-01-26T02:05:32Z,0,How can I play Youtube in background while I can work with some other app or I can keep turn off the display?
229,0,RanftEvan,RanftEvan,d-FjIdlMVC4,2024-02-07T20:34:31Z,2024-02-07T20:34:31Z,4,Thanks for watching! Make sure to thumbs up the video if you want me to compare this camera to the iPhone and Leica sl2.
230,11,wesleygrimes89,wesleygrimes89,d-FjIdlMVC4,2024-02-07T21:20:34Z,2024-02-07T21:20:34Z,4,Bro don’t do this to me lol. I wouldn’t mind having an android phone over an iPhone at this point. But I’m too invested in the apple ecosystem. 😢 lol
231,14,CrazyGadgetGuy,CrazyGadgetGuy,d-FjIdlMVC4,2024-02-07T21:00:55Z,2024-02-07T21:00:55Z,2,I just got my s24 ultra a few days ago and I am happy that I can take nicer pictures. I sold my camera a while back and I wasn&#39;t taking pictures but at least now I can take some cool shots until I get another camera.
232,17,SkylineCustom_1,SkylineCustom_1,d-FjIdlMVC4,2024-02-07T20:44:24Z,2024-02-07T20:44:24Z,2,Love it❤
233,5,Photobuffeddy_AGS,Photobuffeddy_AGS,d-FjIdlMVC4,2024-02-08T02:42:37Z,2024-02-08T02:42:37Z,1,Nice videos ….: 😅
234,6,phonelip6697,phonelip6697,d-FjIdlMVC4,2024-02-08T00:45:17Z,2024-02-08T00:45:17Z,1,How do you shoot raw portrait ?
235,7,Nonaxisymmetric,Nonaxisymmetric,d-FjIdlMVC4,2024-02-07T23:25:34Z,2024-02-07T23:25:34Z,1,I like the Defender shot.  Great video - smartphones have come a really long way.  It&#39;s making me wonder why I carry an actual camera around :-)
236,8,DVinstapics,DVinstapics,d-FjIdlMVC4,2024-02-07T23:22:29Z,2024-02-07T23:22:29Z,1,"Hi Evan! Great video yet again, loved the shots you managed to get with a phone. Would you say the s24 ultra hat better results than the Oppo find n3 fold or the iPhone 15 pro max?"
237,10,mikeydoyle2002,mikeydoyle2002,d-FjIdlMVC4,2024-02-07T21:22:22Z,2024-02-07T21:22:22Z,1,"Looking to upgrade to either the iPhone 15 pro max or S24 Ultra so the comparison video would be a huge help. Side note, have you seen any drop in quality posting either photo or video to social media (being both posting edited photos and taking photos through the social media apps like the IG camera)?"
238,13,thelumiereguy,thelumiereguy,d-FjIdlMVC4,2024-02-07T21:08:03Z,2024-02-07T21:08:03Z,1,"Got my S24 Ultra today and I&#39;m super disappointed with the cameras. I&#39;m coming from an Mi 11 Ultra and I thought that phone&#39;s camera was bad. But, after using the new phone, I&#39;ve changed my mind. The videos with all the lenses were noisy and soft indoors. The photos were OVERsharpened, and had a lot of noise reduction. <br><br>The RAW photos were - well RAW photos. It lacked dynamic range. I&#39;d seen much more dynamic range in RAW files from the GCAM apps. In my previous phone, I could easily use photos at 1600, 3200, etc ISO and fix them in post. But, the ones from Pro mode in S24 Ultra were really bad and I had to crank up my noise reduction to the mid. (I know I&#39;m kind of a pixel peeper)<br><br>I also tried the Expert RAW app, which supposedly gives you best RAW photos from Samsung phones. In my experience, it was the worst experience editing the RAW files. A simple bump in shadows and everything turned green. A bit of research showed me that the Expert RAW app just gives you a JPEG in a DNG file. I have no idea why Samsung chose this, but it&#39;s just a JPEG at that point. <br><br>I really liked the phonee, but imma return this."
239,15,SPIKE3725,SPIKE3725,d-FjIdlMVC4,2024-02-07T20:48:22Z,2024-02-07T20:48:22Z,1,"I would like to see the compensation to the S24 ultra &amp; the I phone. But for a kicker, I would like to also see what your thoughts are on using a variable nd filter and a polarizing filter on both phones. Maybe even a pro mist filter to cut down on a lot of the sharpness from the phones."
240,16,judeemclaughlin7394,judeemclaughlin7394,d-FjIdlMVC4,2024-02-07T20:45:30Z,2024-02-07T20:45:30Z,1,I&#39;m still curious about the video/audio quality. As far as favorite pic - has to be one of the ones in the lower level of Ponce. The colors really popped.
241,9,DanielFazzari,DanielFazzari,d-FjIdlMVC4,2024-02-07T22:15:10Z,2024-02-07T22:15:10Z,1,Nice testing! Definitely would like to see how the ND filter works for you.
242,4,HoomanBhr,HoomanBhr,d-FjIdlMVC4,2024-02-08T06:31:28Z,2024-02-08T06:31:28Z,0,"Nice review, make a video with Vivo x100 pro"
243,1,thefourthquarter7429,thefourthquarter7429,d-FjIdlMVC4,2024-02-08T09:30:23Z,2024-02-08T09:30:23Z,0,"I have a Note Ultra 20 which is the first Samsung with some of these basic cameras (10x zoom, wide, ultra wide + lidar focus. I know the S24 replaced to 10x with a 5x) The S24 looks better in every way based on what I can see. Four generations of refining this setup has resulted in a much better system. <br>Ive also got an Iphone 13 Pro and feel the photos from the S24 are also better. The Iphone has a usable portrait mode, but not as good as the S24.  I have been thinking about an ipgrade and maybe this is the time. Nice review."
244,3,irapbetter,irapbetter,d-FjIdlMVC4,2024-02-08T06:37:07Z,2024-02-08T06:37:07Z,0,"Need a comparison of the 3, Leica, Samsung, iPhone"
245,12,mydowntime6850,mydowntime6850,d-FjIdlMVC4,2024-02-07T21:20:28Z,2024-02-07T21:20:28Z,0,The one with the ring lights was pretty dope and I like the car shots. I was going to switch from my pixel bc it has an issue I just can&#39;t stand but in terms of quality I think it&#39;s about on par. Have to think about this now.
246,2,pietrodiwalsi5805,pietrodiwalsi5805,d-FjIdlMVC4,2024-02-08T08:44:40Z,2024-02-08T08:44:40Z,0,Thanks evan.. nice review and pictures..
247,36,leeroy110,leeroy110,XaqOejIaFgM,2024-02-07T21:58:10Z,2024-02-07T21:58:10Z,1,If it had vanilla android OS then I&#39;d buy it in a heart beat.  Samsung are so good at hardware but I cannot stand the software and I&#39;ve used multiple over the last 10 years.
248,23,ACE2-ex1nz,ACE2-ex1nz,XaqOejIaFgM,2024-02-08T00:31:10Z,2024-02-08T00:31:10Z,1,"circle to search is kinda scary tho like what if i upload photos and they can locate the location by using that feature (cus ive seen a vid from a korean tech channel how it works not just on random things but &#39;places&#39; too),,,sorry if this is bad english,,,"
249,57,Rkcuddles,Rkcuddles,XaqOejIaFgM,2024-02-07T16:44:18Z,2024-02-07T16:44:18Z,1,Still won’t get people to switch without iMessages…
250,59,orpheus1662,orpheus1662,XaqOejIaFgM,2024-02-07T16:22:24Z,2024-02-07T16:22:24Z,1,"There’s no way Samsung isn’t paying Marcus for promoting their phones. Why get something else! Well my favorite YouTuber, it’s an android"
251,61,JoeTauke,JoeTauke,XaqOejIaFgM,2024-02-07T16:11:40Z,2024-02-07T16:11:40Z,1,General android fan: <br>I buy android because I don&#39;t want to pay the Apple tax!<br><br>proceeds to spend $1300 on a Samsung phone.
252,88,hamzakatimba3445,hamzakatimba3445,XaqOejIaFgM,2024-02-07T07:35:30Z,2024-02-07T07:35:30Z,1,Why the instrumental is very scary 😮!!!
253,27,meme5887,meme5887,XaqOejIaFgM,2024-02-07T23:43:45Z,2024-02-07T23:43:45Z,1,"No no no no no. Android had always on display well before iPhone. Just because iPhone copied and added one more thing doesn&#39;t make it an iPhone original. And Samsung did allow you to select a small picture for the aod as well so it wasn&#39;t just time and notifications. It not have been a wallpaper, but it&#39;s still a picture. So no, not &quot;also like iPhone&quot;."
254,65,rohanshah1438,rohanshah1438,XaqOejIaFgM,2024-02-07T15:15:22Z,2024-02-07T15:15:22Z,1,did he get a million $$ to promote this?
255,0,MichaelW1980randoms,MichaelW1980randoms,XaqOejIaFgM,2024-02-08T08:27:47Z,2024-02-08T08:27:47Z,0,"Why buy anything else? Because someone cannot stand Samsung overlay, shop or apps? Because the 24 Ultra is too expensive? Because some features are only on a trial and after that behind a paywall, which makes it even more expensive? Maybe because someone is used to the comfort of the Apple eco system? Or maybe because someone doesn’t want the green bubble?  It’s not difficult to find reasons why someone would buy something else."
256,73,aomran07,aomran07,XaqOejIaFgM,2024-02-07T12:42:14Z,2024-02-07T12:42:14Z,0,"<a href=""https://www.youtube.com/watch?v=XaqOejIaFgM&amp;t=832"">13:52</a> that android 6 home button holding thing unlocked a memory I didn&#39;t know I have"
257,72,tubby_osrs,tubby_osrs,XaqOejIaFgM,2024-02-07T13:00:11Z,2024-02-07T13:00:11Z,0,Need blue text bubble or girls won’t like me :(
258,71,adambartlett6277,adambartlett6277,XaqOejIaFgM,2024-02-07T13:27:39Z,2024-02-07T13:27:39Z,0,The size of it is ridiculous for me
259,70,RajniGunHouse-cj8bl,RajniGunHouse-cj8bl,XaqOejIaFgM,2024-02-07T14:07:10Z,2024-02-07T14:07:10Z,0,why every new latest smartphone is the best phone .... what about the previous one ?
260,69,uehlbran,uehlbran,XaqOejIaFgM,2024-02-07T14:19:20Z,2024-02-07T14:19:54Z,0,Pretty simple. Samsung has terrible customer service. They&#39;re known for doing anything and everything to prevent you from being able to warranty your phone. And even if you can get them to warranty it you usually get back a crappy used phone (and they do the same thing even if you just bought the phone within the last 30 days! New to used/refurbished in the blink of an eye).
261,68,JustinKahrs,JustinKahrs,XaqOejIaFgM,2024-02-07T14:25:43Z,2024-02-07T14:25:43Z,0,I&#39;ll spend $1300 on a phone when inflation makes that $1300 equivalent to $500 in todays money.
262,67,NineInchTyrone,NineInchTyrone,XaqOejIaFgM,2024-02-07T14:30:15Z,2024-02-07T14:30:15Z,0,I need a phone not a pocket tablet
263,64,ROckgrunge2987,ROckgrunge2987,XaqOejIaFgM,2024-02-07T15:15:44Z,2024-02-07T15:15:44Z,0,"What is called to the new font style widget of s24 ultra? I love it, just like the Apple iPhone ❤❤❤"
264,66,xternalpunk,xternalpunk,XaqOejIaFgM,2024-02-07T14:58:44Z,2024-02-07T14:58:44Z,0,Yeah i would never buy another Samsung phone ever again. All yhe extra junk on it is just ridiculous
265,63,cuscuztech3470,cuscuztech3470,XaqOejIaFgM,2024-02-07T15:26:19Z,2024-02-07T15:26:19Z,0,"Samsung could give you Prores video recording, raw dng video recording, a 1 inch main sensor and bigger sensors on the other...but no, circle to search check all the boxes......this is stupid af"
266,62,gaboonus,gaboonus,XaqOejIaFgM,2024-02-07T15:42:58Z,2024-02-07T15:42:58Z,0,"<a href=""https://www.youtube.com/watch?v=XaqOejIaFgM&amp;t=713"">11:53</a><br>Hilarious!"
267,60,nimaygupta174,nimaygupta174,XaqOejIaFgM,2024-02-07T16:21:02Z,2024-02-07T16:21:02Z,0,now only thing left to fix.. the emojis
268,58,danielgudi7446,danielgudi7446,XaqOejIaFgM,2024-02-07T16:26:51Z,2024-02-07T16:26:51Z,0,As to answer your question. Because it&#39;s cheaper and I can save 1000 bucks for something else.
269,56,miguel-556--,miguel-556--,XaqOejIaFgM,2024-02-07T17:09:08Z,2024-02-07T17:09:08Z,0,I&#39;m disappointed with my S24. The colors are dull and plain. Resolution it&#39;s not vivd and high quality like it&#39;s predecessors.
270,55,Kaysa56,Kaysa56,XaqOejIaFgM,2024-02-07T17:24:57Z,2024-02-07T17:24:57Z,0,Why remove the 3.5mm jack and expandable storage option? Like iPhone
271,54,dreadheadrastah,dreadheadrastah,XaqOejIaFgM,2024-02-07T17:52:18Z,2024-02-07T17:52:18Z,0,I’m iPhone hooked they just need to make the iPhone bigger
272,74,farhanruslan110,farhanruslan110,XaqOejIaFgM,2024-02-07T12:28:43Z,2024-02-07T12:28:43Z,0,I been using iphone my whole life and im considering changing to samsung
273,76,MikeIzerman,MikeIzerman,XaqOejIaFgM,2024-02-07T12:18:04Z,2024-02-07T12:18:04Z,0,"samsung , king of bloatware... excellent piece of tech.... 1 billion samsung apps nobody wants and can&#39;t get rid of....ohhh.... and the cherry on the cake.... Bixbeeee....."
274,75,stephenbrittneybuchanan1287,stephenbrittneybuchanan1287,XaqOejIaFgM,2024-02-07T12:28:23Z,2024-02-07T12:28:23Z,0,"Samsung needs google, and Apple needs Samsung to supply their screens lol"
275,52,huzzahu4149,huzzahu4149,XaqOejIaFgM,2024-02-07T18:12:12Z,2024-02-07T18:12:12Z,0,"no seriously, why would you spend $1300 on a phone?"
276,98,mrf5984,mrf5984,XaqOejIaFgM,2024-02-07T04:53:20Z,2024-02-07T04:53:20Z,0,All of those &quot;just like the iPhone&quot; features exist on my Note 10+ from launch and it still gets updates 😂
277,97,umarques,umarques,XaqOejIaFgM,2024-02-07T05:26:59Z,2024-02-07T05:26:59Z,0,You just convinced me to NOT upgrade from 23+ lol more of the same.
278,96,isshinish,isshinish,XaqOejIaFgM,2024-02-07T05:53:21Z,2024-02-07T05:54:40Z,0,"I recently transfered phone from android to iOS.  Despite owning other apple products, I have never considered owning an Apple phone before. I love the samsung ecosystem but I am really not happy with the security of android. I have kids who I sometimes play with my android phone. I downloaded some apps for them. The ads in android is crazy. Android apps can have the ability to pop up anytime. I don’t use my finance apps anymore because of security concerns. Also, if you have a very intelligent kid who can memorize your password be prepared for unexpected playstore purchases. You cannot cancel it even if the kid that made the purchase is 4. <br><br>Android gives you alot of freedom in customizing your phone and how you use it but it also gives alot of freedom to third party apps to exploit you."
279,95,edgar17208,edgar17208,XaqOejIaFgM,2024-02-07T06:06:41Z,2024-02-07T06:06:41Z,0,Huge W
280,94,ostanime2462,ostanime2462,XaqOejIaFgM,2024-02-07T06:14:10Z,2024-02-07T06:14:10Z,0,It looks like red magic 9 pro with punch hole from front
281,93,khiFLY,khiFLY,XaqOejIaFgM,2024-02-07T06:42:13Z,2024-02-07T06:42:13Z,0,Mine should be here on Thursday. I&#39;m seeing bad reviews about the display. Is that still a thing?
282,92,StargateMax,StargateMax,XaqOejIaFgM,2024-02-07T06:54:51Z,2024-02-07T06:54:51Z,0,"Well, I always buy anything else, any other maker/brand/company."
283,91,haroldk724,haroldk724,XaqOejIaFgM,2024-02-07T07:02:49Z,2024-02-07T07:04:28Z,0,"Well has to be major improvement from s21 cause after S20...they lost it, could we be seeing another Moto death but this time samsung<br>some of the stuff they says they will update....the average phone will never make it that long....Plus with the way thing change  in a year <br>the S24 may not be able to update to 2026 ....then what happens........but paid enough anybody will praise &amp; Say Good things about Anything...."
284,90,ragcage,ragcage,XaqOejIaFgM,2024-02-07T07:22:52Z,2024-02-07T07:22:52Z,0,Definitely saving up for this phone after getting me a 2024 ROG Zephyrus G16. Bringing in some productivity powerhouses in 2024 and 2025 to be set for the future :)
285,89,Wasser-fz9ub,Wasser-fz9ub,XaqOejIaFgM,2024-02-07T07:33:40Z,2024-02-07T07:33:40Z,0,Because Samsung provides the shittiest support of all
286,87,sandipbhaumik,sandipbhaumik,XaqOejIaFgM,2024-02-07T08:02:09Z,2024-02-07T08:02:09Z,0,"@mkbhd haven&#39;t you got any dull display issues or display being washed out, I am regretting upgrading from S22U to S24U"
287,86,InfamousTog,InfamousTog,XaqOejIaFgM,2024-02-07T08:51:29Z,2024-02-07T08:51:29Z,0,Absolute get for me.  Upgrading from the S22 Ultra.  I have been using the Note phones since the Note 9.  Switched from an iPhone 7 Plus back then.  From Note 9 to Note 20 Ultra then S22 Ultra.  I will probably never swap to any other phone line.
288,85,slytherin1Minecrafter77Dragon,slytherin1Minecrafter77Dragon,XaqOejIaFgM,2024-02-07T09:39:57Z,2024-02-07T09:39:57Z,0,Still have the s21 ultra and I&#39;m going to wait for the S25 ultra for my upgrade
289,84,IliaHanatiJaffri,IliaHanatiJaffri,XaqOejIaFgM,2024-02-07T09:41:33Z,2024-02-07T09:41:33Z,0,Just upgraded today from Note 10+ 😂 looking forward to all the upgrades
290,83,marvinzhang3734,marvinzhang3734,XaqOejIaFgM,2024-02-07T10:20:18Z,2024-02-07T10:20:18Z,0,"1300, i will get a apex wheel"
291,82,helix3500,helix3500,XaqOejIaFgM,2024-02-07T10:33:43Z,2024-02-07T10:33:43Z,0,"when all you do is working and you are bored and frustrated and you dont find use for the money you are killing yourself for you can find new purpose in your life by spending 1300 in a phone, people will like you more, you will resolve all problems with your family and you will be soooo happy"
292,81,omercakmak3099,omercakmak3099,XaqOejIaFgM,2024-02-07T11:21:24Z,2024-02-07T11:21:24Z,0,this video feels highly sponsored
293,80,ramprasadaviator,ramprasadaviator,XaqOejIaFgM,2024-02-07T11:36:10Z,2024-02-07T11:36:10Z,0,Need your thoughts and comparison S23 ultra vs S24 @mkbhd
294,79,Pacus1,Pacus1,XaqOejIaFgM,2024-02-07T11:43:17Z,2024-02-07T11:43:17Z,0,All these comments are so funny. Happy about getting updates on old phones…. Just get a damn iPhone. The maker of this review uses one 🤣
295,78,rockefeller63,rockefeller63,XaqOejIaFgM,2024-02-07T11:51:45Z,2024-02-07T11:51:45Z,0,"Sadly, European version is dog sht. Simply bcz of the overheating problems and energy hungry processor. Which is same processor as last year S23."
296,77,xRdlH,xRdlH,XaqOejIaFgM,2024-02-07T11:55:03Z,2024-02-07T11:55:03Z,0,Response to the title: Because OnePlus 12 exists.
297,53,brendoderf4748,brendoderf4748,XaqOejIaFgM,2024-02-07T17:56:44Z,2024-02-07T17:56:44Z,0,Upgrading to this from an s21 5G and I&#39;m so excited. Gonna be so much better. I &quot;upgraded&quot; from an S10 plus originally and regretted it and I finally get my good phone back!
298,50,PVTParts472,PVTParts472,XaqOejIaFgM,2024-02-07T18:22:32Z,2024-02-07T18:22:32Z,0,im just gonna save and buy one of the red magic 9 pros
299,51,bok4822,bok4822,XaqOejIaFgM,2024-02-07T18:15:59Z,2024-02-07T18:15:59Z,0,"<a href=""https://www.youtube.com/watch?v=XaqOejIaFgM&amp;t=725"">12:05</a> If you are going to still call it AI, might as well go ahead and actually call it what it really is: algorithms.<br><br>Anyways nice review! Definitely seems like a good phone to get as my next one.<br><br>I also wonder if my next phone will be my final phone, with my phones lasting 5 years each and the apple vision pro coming out now it seems like the phones of today might gradually change into becoming more like what the apple vision is. 2015 to 2020 was start of VR. Now in 2024 we get quite decent VR headsets in general coming out, some that even makes the unreal feel real. What is the world going to look like when 2030 nears, I wonder."
300,1,saisriram4262,saisriram4262,XaqOejIaFgM,2024-02-08T08:24:20Z,2024-02-08T08:24:20Z,0,I remember that now on tap
301,22,kraya6740,kraya6740,XaqOejIaFgM,2024-02-08T00:39:40Z,2024-02-08T00:39:40Z,0,"700 on Xiaomi 13 ultra and the rest i do a trip in Italy, there the reasons why buy something else."
302,21,NieeLz_,NieeLz_,XaqOejIaFgM,2024-02-08T01:33:48Z,2024-02-08T01:33:48Z,0,Love when im finally can say watching this video with s24 ultra 😂
303,20,solstus6783,solstus6783,XaqOejIaFgM,2024-02-08T01:47:01Z,2024-02-08T01:47:01Z,0,Still on the s9 bc i hate the hole punch so much
304,19,robeltonicholas3070,robeltonicholas3070,XaqOejIaFgM,2024-02-08T03:04:04Z,2024-02-08T03:04:04Z,0,It&#39;s missing an I.R. blaster !
305,18,Wabz19,Wabz19,XaqOejIaFgM,2024-02-08T03:04:54Z,2024-02-08T03:04:54Z,0,This phone sets the tone😂
306,17,mechanic4yourcar,mechanic4yourcar,XaqOejIaFgM,2024-02-08T03:07:31Z,2024-02-08T03:07:31Z,0,So So how much did Samsung Pay you to say all the good things about the phone?
307,16,ManEmperorOfMankind,ManEmperorOfMankind,XaqOejIaFgM,2024-02-08T03:27:27Z,2024-02-08T03:27:27Z,0,Loving the lack of overly styled b roll and glory shots
308,15,0mar-777,0mar-777,XaqOejIaFgM,2024-02-08T03:45:30Z,2024-02-08T03:45:30Z,0,This is official!!!!!! AND STILL THE WORLDS  NUMBER 1 PHONE AND OS SAMSUNG &amp; ANDROID...... sorry apple fans at least you still got the vision pro. Now go run into walls
309,14,htetnaung9870,htetnaung9870,XaqOejIaFgM,2024-02-08T03:49:50Z,2024-02-08T03:49:50Z,0,Plus samsung will give green line error as a gift. 😂
310,13,Ibis2693,Ibis2693,XaqOejIaFgM,2024-02-08T03:50:20Z,2024-02-08T03:50:20Z,0,Isn&#39;t the Bixby text call basically the same as the pixel call screening? Haven&#39;t actually used it because I have a pixel.
311,12,pdsmith11803,pdsmith11803,XaqOejIaFgM,2024-02-08T04:13:50Z,2024-02-08T04:13:50Z,0,"Best Buy has a killer deal right now, I’m on Verizon and still owed $490 on my iPhone 13 Pro Max, I was able to turn in my old phone and cancel the $490 owed, plus received $1,000 off the new phone, a $150 Best Buy gift card, and a month of Xbox live ultimate. The new phone cost me $125 after all the perks considered."
312,11,user-dy5zg6cj5s,user-dy5zg6cj5s,XaqOejIaFgM,2024-02-08T04:41:47Z,2024-02-08T04:41:47Z,0,Not buying simply because their screens turn to shit with wet hands
313,10,fabiocarpentieri96,fabiocarpentieri96,XaqOejIaFgM,2024-02-08T04:58:44Z,2024-02-08T04:58:44Z,0,Because it costs 1300 euros.
314,9,deeyas,deeyas,XaqOejIaFgM,2024-02-08T05:09:30Z,2024-02-08T05:09:30Z,0,"I was about to buy the Samsung S24 Ultra, then heard that all the AI features will NOT be free from 2025. This feels like a trap, you&#39;re going to use the AI features, most likely love them, then it&#39;s going to be taken away unless you pay. Not cool"
315,8,unholydonuts,unholydonuts,XaqOejIaFgM,2024-02-08T05:30:09Z,2024-02-08T05:30:09Z,0,The sponsorship is strong here.
316,7,tusharlodhari4304,tusharlodhari4304,XaqOejIaFgM,2024-02-08T05:30:26Z,2024-02-08T05:30:26Z,0,So all in all should I buy the iphone 15 or Samsung S24 ultra?
317,6,vwoomy,vwoomy,XaqOejIaFgM,2024-02-08T05:38:14Z,2024-02-08T05:38:14Z,0,how could anyone choose any other phone over this one if they have the money. seriously an insane phone.
318,5,gqsybjebhdhvhthucxfh,gqsybjebhdhvhthucxfh,XaqOejIaFgM,2024-02-08T06:17:21Z,2024-02-08T06:17:21Z,0,Google search is so tainted
319,4,quranicverses.2394,quranicverses.2394,XaqOejIaFgM,2024-02-08T07:03:47Z,2024-02-08T07:03:47Z,0,I&#39;ll upgrade from s22 to 24 this week.
320,3,joshualeyva9245,joshualeyva9245,XaqOejIaFgM,2024-02-08T08:15:10Z,2024-02-08T08:15:10Z,0,I have the galaxy s23 ultra and the most recent update has demolished the audio and quality of the experience! Its so frustrating!
321,2,Yukikazze,Yukikazze,XaqOejIaFgM,2024-02-08T08:24:06Z,2024-02-08T08:24:06Z,0,Why Buy Anything Else ? Because there is no way i pay more then 500e for a freaking smart phone every couple of years
322,24,jj78520,jj78520,XaqOejIaFgM,2024-02-08T00:29:45Z,2024-02-08T00:29:45Z,0,We want the review of the OnePlus 12! It deserves it ! At least as much  than the iPhones or the Samsungs.
323,25,sumansaha9887,sumansaha9887,XaqOejIaFgM,2024-02-08T00:10:18Z,2024-02-08T00:10:18Z,0,So many of these are in the Xiaomi 13 pro from last year
324,26,EchoAccord,EchoAccord,XaqOejIaFgM,2024-02-08T00:03:15Z,2024-02-08T00:03:15Z,0,Id never spend 1300 bucks on a phone
325,40,user-wd8ed7eo5c,user-wd8ed7eo5c,XaqOejIaFgM,2024-02-07T19:43:41Z,2024-02-07T19:43:41Z,0,Redmagic 8 pro 1/3 of the price does the same.
326,49,NolbertoPardo,NolbertoPardo,XaqOejIaFgM,2024-02-07T18:40:37Z,2024-02-07T18:40:37Z,0,"Shutter Lag TIP! search &quot;advanced intelligence options&quot; in the settings. Very top first option. Then select minimum, and try taking pics again it should feel much faster. Will work on past generations also."
327,48,jakepetterson1050,jakepetterson1050,XaqOejIaFgM,2024-02-07T18:47:56Z,2024-02-07T18:47:56Z,0,Great video! Thanks for this
328,47,Ninopheen,Ninopheen,XaqOejIaFgM,2024-02-07T19:00:06Z,2024-02-07T19:00:06Z,0,In Summary:<br>Man said it’s January and his Annual award presentation video is already done.
329,46,gotflowo,gotflowo,XaqOejIaFgM,2024-02-07T19:09:22Z,2024-02-07T19:09:22Z,0,S pen is amazing for work and signing docs
330,45,johnbrittingham4471,johnbrittingham4471,XaqOejIaFgM,2024-02-07T19:16:38Z,2024-02-07T19:16:38Z,0,Get a punkcase for it.
331,44,Sanosukeafo,Sanosukeafo,XaqOejIaFgM,2024-02-07T19:26:14Z,2024-02-07T19:26:14Z,0,Why buy anything else? I bought the Fold 5 because it&#39;s better.
332,43,vnshngpnt,vnshngpnt,XaqOejIaFgM,2024-02-07T19:26:58Z,2024-02-07T19:26:58Z,0,"Kinda regret locking myself into Apple ecosystem now lol. Still love Apple, but I wish it would be easier to switch."
333,42,unusualguy1,unusualguy1,XaqOejIaFgM,2024-02-07T19:27:04Z,2024-02-07T19:27:04Z,0,All that and still no return of the 3.5 mm jack.
334,41,noumanahmad855,noumanahmad855,XaqOejIaFgM,2024-02-07T19:30:14Z,2024-02-07T19:30:14Z,0,mobile company&#39;s full rocket and multiple junked method for smooth gameplay but genshin impact recommendations not competing reliable
335,39,Helloteam11,Helloteam11,XaqOejIaFgM,2024-02-07T20:26:01Z,2024-02-07T20:26:01Z,0,"Why is Samsung so expensive now, why even buy one over an iphone"
336,28,Yaaron_Zongo,Yaaron_Zongo,XaqOejIaFgM,2024-02-07T23:32:48Z,2024-02-07T23:32:48Z,0,"I see mkbhd naming this phone, the winner of the 2024 smartphones awards"
337,38,JacksonLomax,JacksonLomax,XaqOejIaFgM,2024-02-07T20:38:54Z,2024-02-07T20:40:42Z,0,My galaxy note 20 ultra 5g is still the best phone you can buy today. they&#39;ve been downgrading since. youre a dissapointment of a youtuber. Stop spreading misinformation.
338,37,imotivateyou,imotivateyou,XaqOejIaFgM,2024-02-07T21:29:15Z,2024-02-07T21:29:15Z,0,"Updates, really....😂😂😂😂😂be worried about the green line screen man...@ samsung, green line is part of the updates😂😂😂😂"
339,35,Mista1Take,Mista1Take,XaqOejIaFgM,2024-02-07T22:03:43Z,2024-02-07T22:03:43Z,0,"Samsung es superior, el rey no tiene competencia."
340,34,whoville90,whoville90,XaqOejIaFgM,2024-02-07T22:29:25Z,2024-02-07T22:29:25Z,0,S22 ultra has Glas not ltpo
341,33,Sibogy,Sibogy,XaqOejIaFgM,2024-02-07T22:37:10Z,2024-02-07T22:37:19Z,0,"Still very upset that a headphone jack and SD card slot is no longer a basic standard, even for this high price of a phone."
342,32,ivenstorm,ivenstorm,XaqOejIaFgM,2024-02-07T22:40:22Z,2024-02-07T22:40:22Z,0,I just wish it was 1300 up here in Canada.  Our dollar is so bad that its nearly 2 grand after tax.
343,31,chrixMiller,chrixMiller,XaqOejIaFgM,2024-02-07T22:41:33Z,2024-02-07T22:41:33Z,0,Happy with my s10e. No need to double the size and weight. Thanks.
344,30,emidrummer1990,emidrummer1990,XaqOejIaFgM,2024-02-07T22:46:25Z,2024-02-07T22:46:25Z,0,This looks great but I am still very happy with my iPhone 13 pro. Let’s see what the future brings
345,29,shannensmith1294,shannensmith1294,XaqOejIaFgM,2024-02-07T23:01:35Z,2024-02-07T23:01:35Z,0,I&#39;d love a video on the battle against iPhone. I&#39;m a die hard android user and using a pixel. Great review as always
346,99,oogrooq,oogrooq,XaqOejIaFgM,2024-02-07T04:15:55Z,2024-02-07T04:15:55Z,0,"It doesn&#39;t have a headphone jack, so I&#39;m not buying it."
347,94,skullaveraz,skullaveraz,TYWHsKcb2Uk,2024-01-28T08:33:24Z,2024-01-28T08:33:24Z,7,"I&#39;m upgrading this year from an S20 plus after the most recent update probably broke my screen with a green line. I was torn between the S23U, fhe S24U snd the Pixel 8 Pro so this video really helped me lock down my decision to get the S23U. Thanks!"
348,87,Jackdudu,Jackdudu,TYWHsKcb2Uk,2024-01-28T11:03:53Z,2024-01-28T11:03:53Z,7,This man is explaining about so much in detail that s pen is sticking out in which other youtubers fail
349,50,ZacthaGreat1,ZacthaGreat1,TYWHsKcb2Uk,2024-01-28T22:04:17Z,2024-01-28T22:04:17Z,5,"For anybody that&#39;s thinking about the S24 Ultra, there is a display issue going on. It&#39;s dull and looks washed out.  I just got mine yesterday and i upgraded from the S21 Ultra and the S21 ultra screen looked a million times better! There&#39;s speculation there is an &quot;update&quot; coming Jan 31st but we&#39;ll see.  I&#39;ll hold off on getting the 24U  until it&#39;s fixed because it&#39;s depressing looking at the screen at times when my 21U looks flawless! If they don&#39;t fix this issue, I&#39;ll be getting the 23U also"
350,98,KingMK31,KingMK31,TYWHsKcb2Uk,2024-01-28T06:52:56Z,2024-01-28T06:52:56Z,5,"I thought it was a good idea to upgrade because i had the S23 u 500 gb with only 100 gb left and the 1TB S24 U was on $600 after trade in and i got a free pair of Buds 2 pro. Now that i have it im SUPER happy i upgraded, its NIIIIICE! 🤩"
351,85,salmansohail5685,salmansohail5685,TYWHsKcb2Uk,2024-01-28T11:52:24Z,2024-01-28T11:52:24Z,4,"hands down THE best and most HONEST comparison review yet! I feel like the TOP tech Youtubers are now a SELL OUT pushing the new S24U and not showing any honest downsides of the phone including  MKBHD and WhosMrBoss!<br>I sold off my S22U to prep up n buy the S24u I&#39;m glad it wasn&#39;t available till now on prebooking! I moved to Iphone 15pro max for the time being! and as a major content consumer like  YT, Netflix and Twitch on my phone I HATED Iphones display and dull colors! literally ZERO vibrancy, so I decided to move back to Samsung n planned to buy S24u NOT until I saw this review about the new Armor glass and how it kills vibrancy, this is a MAJOR deal for me to have good colors which is why I missed Super amoled! Now I will be switching back to S23U and saving some money! <br>AGIAN THANK YOU for this Honest review! @Matthew"
352,46,FoxxFire,FoxxFire,TYWHsKcb2Uk,2024-01-29T00:20:58Z,2024-01-29T00:20:58Z,3,"Thank you for the caveat at the beginning about not missing out by not upgrading to the newest phone.  So many videos are created in such a way as to create anxiety in people about their current phone and wanting the new one, especially younger people.  I hate that about some tech reviews.  So it&#39;s nice to hear an influential reviewer say something different and a little more sensible."
353,56,bigman5710,bigman5710,TYWHsKcb2Uk,2024-01-28T20:02:09Z,2024-01-28T20:02:09Z,2,The S23 Ultra is noticeably better at zooms and videos.
354,33,smitjee,smitjee,TYWHsKcb2Uk,2024-01-29T11:54:00Z,2024-01-29T12:10:37Z,1,"The trade-in deals in romania are garbage, will stick with the s23u for now.<br><br>&amp; pwm issue still not fixed."
355,77,robert-marius9792,robert-marius9792,TYWHsKcb2Uk,2024-01-28T14:35:55Z,2024-01-28T14:35:55Z,1,TRUE 100%
356,75,user-bi3if4sw8f,user-bi3if4sw8f,TYWHsKcb2Uk,2024-01-28T15:36:33Z,2024-01-28T15:36:33Z,1,I&#39;ll stick with my s23 ultra. There&#39;s no need to upgrade when it&#39;s plenty good.
357,28,zonaldzeus2062,zonaldzeus2062,TYWHsKcb2Uk,2024-01-29T15:02:52Z,2024-01-29T15:02:52Z,1,"Im using S23U since last year June,  finally i saw S24U Yesterday at samsung store and you are very accurate the display, the S24U screen display is less vibrant dull colors compare to S23U and flat screen is a downgrade!! it feels like a cheaper old phone compare to the modern look slight curve screen S23U, so no reason to upgrade!! samsung fails on S24U"
358,63,bonedatt,bonedatt,TYWHsKcb2Uk,2024-01-28T18:22:02Z,2024-01-28T18:22:02Z,1,"My Note20 Ultra is still receiving security updates, so I definitely won&#39;t be getting the S24 Ultra. Maybe an S25 Ultra next year? 🤔"
359,69,afnun8908,afnun8908,TYWHsKcb2Uk,2024-01-28T17:18:39Z,2024-01-28T17:18:39Z,1,I was trying to waste time. Then I found this vid. Successfully wasted. 😂
360,79,didiyamembe7456,didiyamembe7456,TYWHsKcb2Uk,2024-01-28T13:58:44Z,2024-01-28T13:58:44Z,1,"You are a true teller, not an advertiser. That&#39;s why a subscribed"
361,61,daledevernon56,daledevernon56,TYWHsKcb2Uk,2024-01-28T18:58:46Z,2024-01-28T18:58:46Z,1,I read somewhere that the only older phone that will be receiving AI features in the S range is the s23 Ultra.
362,59,sydguitar99,sydguitar99,TYWHsKcb2Uk,2024-01-28T19:18:59Z,2024-01-28T19:18:59Z,1,This device is clearly for people who Samsung wants to switch from an iPhone especially with the new AI features
363,47,Mr_Waffles317,Mr_Waffles317,TYWHsKcb2Uk,2024-01-28T22:56:58Z,2024-01-28T22:56:58Z,1,Anyone know that wallpaper?
364,78,bradavon,bradavon,TYWHsKcb2Uk,2024-01-28T14:33:36Z,2024-01-28T14:33:36Z,1,"Still the OnePlus Open. S22U, S23U, S24U are very similar. Most of the AI tricks are just that tricks. Things most people will think are cool and then forget are there."
365,26,JoeMommacita,JoeMommacita,TYWHsKcb2Uk,2024-01-29T16:13:10Z,2024-01-29T16:13:10Z,1,"The 24 Ultra is very tempting, but I can&#39;t justify replacing my 512 gb 23 Ultra. Its a beast of a phone and ill use it probably until it dies."
366,89,deutschehassan7296,deutschehassan7296,TYWHsKcb2Uk,2024-01-28T10:50:10Z,2024-01-28T10:50:10Z,1,"In general,  the innovation pace is slowed/stagnated. This is why we kept seeing incremental updates especially from Apple. When it comes to samsung, people used to see samsung pushing the limits of innovation in almost every new phone model. It seems samsung changed this strategy and started focusing on perfecting whats actually working. The drawbacks of this strategy is that it leaves no place for real innovation"
367,83,JK-ux3cu,JK-ux3cu,TYWHsKcb2Uk,2024-01-28T12:18:43Z,2024-01-28T12:18:43Z,1,The screen issue with vibrance is fixed if you turn off eye comfort shield. Im sure an update will be pushed soon.
368,84,mlpb,mlpb,TYWHsKcb2Uk,2024-01-28T11:57:24Z,2024-01-28T11:57:24Z,1,The curve didn&#39;t need to go imo. The boxy shape the Ultra goes for benefited from the round edges.
369,3,FL3X609,FL3X609,TYWHsKcb2Uk,2024-02-05T21:25:16Z,2024-02-05T21:25:16Z,1,S24 Ultra selfie camera was a lot better
370,91,25goose,25goose,TYWHsKcb2Uk,2024-01-28T09:51:25Z,2024-01-28T09:51:54Z,1,"Every time I look to bloggers, they always say upgrades are very minor) never like - there are huge changes. Well hello, it’s always like this and will be… due to business model (manufacturers must issues yearly) but this time the upgrade is definitely worth it ❤"
371,95,udaypatel7623,udaypatel7623,TYWHsKcb2Uk,2024-01-28T08:29:28Z,2024-01-28T08:29:28Z,0,Shoud i switch to s24 ultra from my s23 ultra i am getting 760$ for my s23 ultra 256 gb<br>With all discount i can get s24 ultra in 650$
372,64,robertdesaro967,robertdesaro967,TYWHsKcb2Uk,2024-01-28T18:01:27Z,2024-01-28T18:01:27Z,0,"But your big gripe is that the stylus isn&#39;t flush and really happy that the stylus matches.  So insignificant to the overall review.  Unless it stuck it by inches, than why complain?  The stylus could be multi colored for all anyone cares.  Again, the minutiae that you pointed out is pointless."
373,92,josephmonrroy1877,josephmonrroy1877,TYWHsKcb2Uk,2024-01-28T09:23:21Z,2024-01-28T09:23:21Z,0,Sounds like he doesn&#39;t like anything
374,62,WinUkr,WinUkr,TYWHsKcb2Uk,2024-01-28T18:54:57Z,2024-01-28T18:54:57Z,0,"Good video, good work, thanks to you."
375,93,nidalonso8692,nidalonso8692,TYWHsKcb2Uk,2024-01-28T08:35:30Z,2024-01-28T08:35:30Z,0,"Im upgrading from S21U, what do you think guys?"
376,60,huzzlin4979,huzzlin4979,TYWHsKcb2Uk,2024-01-28T19:10:34Z,2024-01-28T19:11:50Z,0,"<a href=""https://www.youtube.com/watch?v=TYWHsKcb2Uk&amp;t=270"">04:30</a> the vivid mode is bugged. I got my s24+ yesterday, and immediately noticed the colors werent as vivid as my s22+. Samsung is aware and working on releasing a fix by Feb. Very disappointing when I first noticed it. Hopefully the fix comes sooner!"
377,82,ramitlamba3675,ramitlamba3675,TYWHsKcb2Uk,2024-01-28T12:44:24Z,2024-01-28T12:44:24Z,0,The reason I didn&#39;t buy was the display only.
378,96,ajuister,ajuister,TYWHsKcb2Uk,2024-01-28T08:11:23Z,2024-01-28T08:11:23Z,0,It’s a lazy upgrade. I’m half tempted to ride out my 21Ultra another year
379,66,Ismail-sp5jf,Ismail-sp5jf,TYWHsKcb2Uk,2024-01-28T17:43:01Z,2024-01-28T17:43:01Z,0,Would you go for the S24 plus (with exynos) or for the S23 ultra ?
380,97,brando3424,brando3424,TYWHsKcb2Uk,2024-01-28T07:51:10Z,2024-01-28T07:51:10Z,0,"S22 ultra users, are you all upgrading?"
381,58,MarvelContesto,MarvelContesto,TYWHsKcb2Uk,2024-01-28T19:40:19Z,2024-01-28T19:40:19Z,0,what about color saturation that dont work and Dead pixels and green lines on white screen IS IT REAL COS LOT OF PPL ALL TELL ABOUT IT AND REGRET THAT BUY S24 ULTRA THAT PLEASE TELL PLEASE.!!!!!??
382,57,picxlmedia7856,picxlmedia7856,TYWHsKcb2Uk,2024-01-28T19:51:50Z,2024-01-28T19:51:50Z,0,"I don&#39;t think the upgrade is minor at all. Different design, faster/more powerful, Ai features for while untiil the update. Which could take some time."
383,55,XOXO-ef7tz,XOXO-ef7tz,TYWHsKcb2Uk,2024-01-28T20:06:30Z,2024-01-28T20:06:30Z,0,I want to buy s23 ulta coz i dont wat to spend that much on s 24 ultra<br>Is it a good option to buy s23.  I have a oneplus 10 pro right now and have been using it for 1.5 years and this is an awesome phone . No complaints at all . The display is A1 everything is awesome . <br>Should i buy s23 ultra or not?
384,65,giggidygiggidy8220,giggidygiggidy8220,TYWHsKcb2Uk,2024-01-28T17:48:02Z,2024-01-28T17:48:02Z,0,I would have traded my s23U if the spen was compatible with windows devices like tablets/touchscreen laptops
385,68,AlexandrosPapadakis-zj9or,AlexandrosPapadakis-zj9or,TYWHsKcb2Uk,2024-01-28T17:21:07Z,2024-01-28T17:21:07Z,0,Huge disappointing because of this washed out colors... I can&#39;t believe how they do that.. I put aside the the edge 30 ultra and it&#39;s night day comparison..😮
386,67,Zorzek,Zorzek,TYWHsKcb2Uk,2024-01-28T17:38:26Z,2024-01-28T17:38:26Z,0,"How can you say that you didn&#39;t notice any difference, when your skin tone is clearly different?"
387,81,stevanb.2590,stevanb.2590,TYWHsKcb2Uk,2024-01-28T13:28:33Z,2024-01-28T13:28:33Z,0,"With all of the same old camera problems every Samsung from previous years had (shutter lag, weird color grading/HDR, bad night mode, low quality selfie results, unpredictable camera experience...) this phone just can&#39;t be considered good let alone &quot;the best&quot;, especially in this price range. Paying above 1000 bucks and ending up with blurry pictures of anything with even slight movement (people, kids, pets...). Vibration was also extremely weak on S22 and S23 series, noone mentions if they changed anything. A lot of compromises that should not be acceptable at this price range !"
388,70,bora3.14,bora3.14,TYWHsKcb2Uk,2024-01-28T17:03:05Z,2024-01-28T17:03:05Z,0,Love his review. Very honest considering both phones
389,90,mkr10001,mkr10001,TYWHsKcb2Uk,2024-01-28T10:28:34Z,2024-01-28T10:28:34Z,0,"<a href=""http://titanium.is/"">Titanium.is</a> heavier than aluminium. Why do you think that would make it lighter"
390,71,matthew777r1,matthew777r1,TYWHsKcb2Uk,2024-01-28T16:57:30Z,2024-01-28T16:57:30Z,0,"<a href=""https://www.youtube.com/watch?v=TYWHsKcb2Uk&amp;t=468"">7:48</a>  Flagship specs bro flagship specs 😂"
391,72,kylewright3484,kylewright3484,TYWHsKcb2Uk,2024-01-28T16:13:33Z,2024-01-28T16:15:53Z,0,"I seen s24 ultra display tell u what it washed out it not bright at all like the s23 ultra lol keeping my s23 ultra has a better display i tested s24 ultra in the store for like a hour and I don&#39;t like it at all l, also I think s23 ultra has better sound and I don&#39;t like how the s-pen sticks out of the s24 ultra that turn me down and I hate the titanium frame and s24 ultra the screen is not even flat at all so yea imma keep my s23 ultra I don&#39;t like the s24 ultra display at all"
392,73,flexo6969,flexo6969,TYWHsKcb2Uk,2024-01-28T15:48:33Z,2024-01-28T15:48:33Z,0,"Very good comparison, thx."
393,74,MadhVinVlogs,MadhVinVlogs,TYWHsKcb2Uk,2024-01-28T15:41:23Z,2024-01-28T15:41:23Z,0,Thank you dude ❤
394,88,prussell890,prussell890,TYWHsKcb2Uk,2024-01-28T11:00:08Z,2024-01-28T11:00:08Z,0,"If your saying its the anti glare coating, then why does the s24 ans s24 plus have the same issue? Either way i&#39;m still loving my s24 ultra 😊"
395,53,Jussstusssreid,Jussstusssreid,TYWHsKcb2Uk,2024-01-28T20:33:11Z,2024-01-28T20:33:11Z,0,I upgraded from the note 10+ and it&#39;s a massive upgrade. <br><br>Way better and faster. Everything is just better.  S23 ultra is a waste of time to upgrade. It&#39;s going to be very similar but minor improvements. <br><br>It&#39;s like a car it&#39;s going to be the same car as the previous year maybe even a few years.  Each car comes with minor upgrades so going from a 2023 to a 2024 is a waste but going from a 2015-2018 to a 2024 model there is going to be a massive difference.
396,76,sticko240,sticko240,TYWHsKcb2Uk,2024-01-28T15:19:25Z,2024-01-28T15:19:25Z,0,What would you choose: Z Fold 5 or S24 Ultra?
397,86,ymaizosz,ymaizosz,TYWHsKcb2Uk,2024-01-28T11:48:13Z,2024-01-28T11:48:13Z,0,It has been ages since I watched your video.. Holy cow did you lose weights and become fitter!
398,80,fatoumata7624,fatoumata7624,TYWHsKcb2Uk,2024-01-28T13:43:32Z,2024-01-28T13:43:32Z,0,"I could understand someone os jealous of beauty, intelligence, health...but of a phone...!?"
399,54,BharatiyaaView,BharatiyaaView,TYWHsKcb2Uk,2024-01-28T20:12:13Z,2024-01-28T20:12:13Z,0,"<a href=""https://www.youtube.com/watch?v=TYWHsKcb2Uk&amp;t=299"">4:59</a> - Turn Light/White Mode &amp; then try colour tune instead on Dark Mode.<br>Black doesn&#39;t adjust any other colour into it, that what I learnt."
400,0,bigjust9607,bigjust9607,TYWHsKcb2Uk,2024-02-08T03:05:41Z,2024-02-08T03:05:41Z,0,Vivid and Natural really doesn&#39;t work.
401,52,SK-qv7rh,SK-qv7rh,TYWHsKcb2Uk,2024-01-28T20:37:45Z,2024-01-28T20:37:45Z,0,Upgrade from S9 to S24U 🎉🎉🎉🎉
402,13,Phil42069,Phil42069,TYWHsKcb2Uk,2024-02-03T05:29:57Z,2024-02-03T05:29:57Z,0,"I&#39;ve been using the s24 ultra for over a week; not much difference from the s23 ultra, other than a few cool software features.<br>I am returning and will see what the next version brings."
403,22,user-lf8ds1fc5o,user-lf8ds1fc5o,TYWHsKcb2Uk,2024-01-30T16:02:26Z,2024-01-30T16:02:26Z,0,Yes of course no need of upgrade<br> S23 u to s24 u mine 23 ul<br>   is butter smooth ❤ sam
404,21,TheWaterBear39,TheWaterBear39,TYWHsKcb2Uk,2024-01-30T19:33:59Z,2024-01-30T19:33:59Z,0,Everyone saying they upgrading from a s21u I have a galaxy s8 I&#39;m upgrading from lmao.
405,20,David_DY,David_DY,TYWHsKcb2Uk,2024-01-30T20:30:44Z,2024-01-30T20:30:44Z,0,Definitely keeping my s23ultra for the foreseeable future!!! It&#39;s a Beast!!
406,19,salmanddj,salmanddj,TYWHsKcb2Uk,2024-01-31T19:35:40Z,2024-01-31T19:35:40Z,0,NEED that wallpaper you got there on s23 ultra
407,18,ammarikhrom8079,ammarikhrom8079,TYWHsKcb2Uk,2024-02-01T00:01:16Z,2024-02-01T00:01:16Z,0,Perfect review👌
408,17,chelidoniii,chelidoniii,TYWHsKcb2Uk,2024-02-01T05:33:39Z,2024-02-01T05:33:39Z,0,My first Samsung phone I&#39;d say that HDR photos in gallery looks sweet
409,16,joseph1monplaisir,joseph1monplaisir,TYWHsKcb2Uk,2024-02-01T14:26:31Z,2024-02-01T14:26:31Z,0,It&#39;s a software issue with the colors 🤦🏿 how is it that all of these reviewers don&#39;t understand this😂
410,15,goJesusandStarcraft,goJesusandStarcraft,TYWHsKcb2Uk,2024-02-03T00:13:11Z,2024-02-03T00:13:11Z,0,"I upgraded from my S22U to the S24U because I cared about the flat panel and the longer software updates, and felt that I was getting a solid trade in value before my old device would depreciate further.  But honestly, now that I have the S24 Ultra, the differences are so small even from 2 generations.  If you’re on the fence about upgrading from an S22 Ultra and don’t care about flat vs curved edges, my advice is to just save the money and use the S22 Ultra until it no longer gets software updates."
411,14,davidmartinez69420,davidmartinez69420,TYWHsKcb2Uk,2024-02-03T03:33:35Z,2024-02-03T03:33:35Z,0,"Love your videos, new subscriber"
412,12,loganniko9109,loganniko9109,TYWHsKcb2Uk,2024-02-03T14:50:31Z,2024-02-03T14:50:31Z,0,"I actually like the fact that the spen sticks out a little makes it easier to get the spen out. At least to me I’ve used the s22u, s23u, and now the s24u along with the pixel 8 pro."
413,51,Yorkie321,Yorkie321,TYWHsKcb2Uk,2024-01-28T22:00:50Z,2024-01-28T22:00:50Z,0,"It was aluminium before, which is lighter than titanium. They&#39;ve cut weight in other areas"
414,11,user-yi6ut5pv5h,user-yi6ut5pv5h,TYWHsKcb2Uk,2024-02-03T17:01:27Z,2024-02-03T17:01:27Z,0,"<a href=""https://www.youtube.com/watch?v=TYWHsKcb2Uk&amp;t=467"">7:47</a> He said what does this mean in english😂😂"
415,10,propertytruth1592,propertytruth1592,TYWHsKcb2Uk,2024-02-03T17:44:33Z,2024-02-03T17:44:33Z,0,Sir note24 ultra chiya orignal copy ...mil jay ga
416,9,westcoast9718,westcoast9718,TYWHsKcb2Uk,2024-02-04T00:46:37Z,2024-02-04T00:46:37Z,0,"I was little be jealous, i admit it. I&#39;m using s23 ultra with all his power, all updates, reading the updates for Fine Lock app&#39;s, software updates, expert RAW ND filter, coming from Xiaomi mi 10 5g, i don&#39;t know what to say. <br>People are talking, u got the fake moon, no man there is no fake thing&#39;s here, you can turn it off. <br>My brother tell me, man there is a lake, but we can&#39;t see it, we reach the lake i put the tripod i go to expert raw and take the s.pen, and take a phew shot, lake was there with all the mountain details , i was amazed just like him. <br><br>Thank u for honest review, money is important, i got this phone for 800 euro, 256gb 8gb ram, using it with battery protection 85% max fast charge 25W, if i wanna play a game with 56% battery  put my charger, battery is not drained or u don&#39;t feel any heat of the phone. <br>I&#39;m curious what will do with 45W Charger on Games (emulators), in 25W all stutter dissapear on Devil May Cry with charger, 120FPS, maybe some day when i have money i will try it :D"
417,8,KnightlyTruth,KnightlyTruth,TYWHsKcb2Uk,2024-02-04T05:23:00Z,2024-02-04T05:23:00Z,0,"my biggest issue with Samsung is they don’t last long term for me. My current S22 Ultra usb port is dead, and my s pen ruined my screen (partially my fault with out screen protector but still come on). I dunno if I will trust them again, I’m tempted to go back to Apple. 😮"
418,7,Wooster77,Wooster77,TYWHsKcb2Uk,2024-02-04T12:59:10Z,2024-02-04T12:59:10Z,0,"Do you know if the s23u will get the same AI features as the s24u, via a future free update?"
419,6,Maxikugan,Maxikugan,TYWHsKcb2Uk,2024-02-04T17:21:14Z,2024-02-04T17:21:14Z,0,"i thought to upgrade S23 Ultra but 24 ultra isn&#39;t impressed me in every <a href=""http://ways.so/"">ways.so</a> i would like to go for s25 ultra."
420,5,ulysses4989,ulysses4989,TYWHsKcb2Uk,2024-02-05T03:03:54Z,2024-02-05T03:03:54Z,0,The speaker doe 👀
421,4,LovelySweetMariah,LovelySweetMariah,TYWHsKcb2Uk,2024-02-05T06:04:53Z,2024-02-05T06:04:53Z,0,I have the s23 ultra I absolutely love it so I&#39;m not switching any time soon.
422,2,jean-pierreasidan506,jean-pierreasidan506,TYWHsKcb2Uk,2024-02-07T03:25:17Z,2024-02-07T03:25:17Z,0,Bro why no 60fps video it&#39;s 2024
423,23,jerrycasey1635,jerrycasey1635,TYWHsKcb2Uk,2024-01-30T02:52:20Z,2024-01-30T02:52:20Z,0,This guy cries and complains too much...Maybe he can invent a better one...
424,24,JayakrishnanH007,JayakrishnanH007,TYWHsKcb2Uk,2024-01-29T22:40:09Z,2024-01-29T22:58:02Z,0,"Hey it would have been more great if you could add in the chapters in the video😊<br><br>Talking about this video I feel this gave a much more honest real life impression.<br><br>If we watch MKBHD or Mr who&#39;s the boss or most of the other established users, they are such enthusiasts that some of these minor things actually makes them feel it&#39;s such a significant upgrade.. that&#39;s the general impression we get after watching their S24 Ultra..<br><br>An S23 Ultra use it started to affect me lol😂.. then my best friend who was looking to purchase a new phone I persuaded him to buy an S24 Ultra.. I have been spending a lot if time with it, its a great phone.. but the real differences with S23ULTRA is very minor. An all day gamer might feel a bit more difference cuz the extra power in sd gen 3 would useful in his game.<br><br>Apart from the flat screen everything is very similar.<br><br>I really hope that I could stick with S23 until 2026"
425,25,kaiichinose9590,kaiichinose9590,TYWHsKcb2Uk,2024-01-29T16:38:28Z,2024-01-29T16:38:28Z,0,"The display colors will be corrected in an update next week, Samsung is aware that the vivid toggle isn’t functioning properly."
426,27,hrishiraj89,hrishiraj89,TYWHsKcb2Uk,2024-01-29T16:07:16Z,2024-01-29T16:07:16Z,0,I think this is a disservice of  a review. The S24 Ultra includes some amazing upgrades from the S23 Ultra
427,1,madcapper6,madcapper6,TYWHsKcb2Uk,2024-02-07T05:41:45Z,2024-02-07T05:41:45Z,0,"The lack of vibrancy isn&#39;t from the anti-reflective display.  It&#39;s a software issue in which vivid mode is broken, to be fixed in a future update.  The same issue applies to the S24+ and base S24."
428,49,jessicas4295,jessicas4295,TYWHsKcb2Uk,2024-01-28T22:05:02Z,2024-01-28T22:06:27Z,0,Thanks for sayimg s23 ultra are not missing much. I&#39;ve been trying to figure out if I should switch or wait for the s25 ultra....
429,48,tigerkishnak5828,tigerkishnak5828,TYWHsKcb2Uk,2024-01-28T22:48:30Z,2024-01-28T22:48:30Z,0,"Thank you so much for information and explained everything. I already bought s23 ultra not long ago and s24 ultra came out already so I&#39;m a bit confuse should I switch it or not. But liten your advice, I won&#39;t change it cause s23 ultra did everything and battery was beast! Thanks again, buddy."
430,45,chrisgmag22,chrisgmag22,TYWHsKcb2Uk,2024-01-29T02:00:50Z,2024-01-29T02:00:50Z,0,"Could you do a review on the s24+ ?<br><br>I believe that model is very underrated, but its got some cool features"
431,44,gondoreplayground,gondoreplayground,TYWHsKcb2Uk,2024-01-29T02:22:38Z,2024-01-29T02:22:38Z,0,"i am using note 9 now😂. which phone btwn s23ultra or s24ultra should i get? s23ultra got slightly lower price, but s24ultra with double storage &amp; free buds 2 pro and $$ rebate for pre order."
432,43,GuybrushXD,GuybrushXD,TYWHsKcb2Uk,2024-01-29T02:45:01Z,2024-01-29T02:45:01Z,0,Bezels in my S23U are ugly 😢
433,42,TheAsifer,TheAsifer,TYWHsKcb2Uk,2024-01-29T04:31:33Z,2024-01-29T04:31:33Z,0,"@matthewmoniz when you trying to change the display profile from vivid to natural and it&#39;s not changing, it&#39;s probably due to the fact that you have eye comfort mode on. It won&#39;t allow you to adjust it if that&#39;s on or even if display tone is on. Try disabling those first"
434,41,shaikhadil9767,shaikhadil9767,TYWHsKcb2Uk,2024-01-29T04:43:03Z,2024-01-29T04:44:02Z,0,Love u sir..litteraly u r a true youtuber...and thanks a lot for your suggestion not to upgrade bcz i was a bit in a hurry to upgrade from my s23u to s24u..but money matters as u said..live u sir ..stay blessed...❤❤❤..love from india❤
435,40,cocomowienatic,cocomowienatic,TYWHsKcb2Uk,2024-01-29T06:09:04Z,2024-01-29T06:09:48Z,0,"we are in an era where phones already peaked, and its hard to really say which is the best, ... unless somebody puts a DLSR quality camera on a phone and can totally replace your professional cams, as in totally replaced not just in the eyes if a regular consumer but with professional photographers as well,  then thats the flagship to beat! otherwise, right now we are just in the waiting game, .."
436,39,mrt9915,mrt9915,TYWHsKcb2Uk,2024-01-29T06:57:13Z,2024-01-29T06:57:13Z,0,Went from the Note 9 to S23 Ultra. Still my old phone was amazing
437,38,gameplayworld6921,gameplayworld6921,TYWHsKcb2Uk,2024-01-29T06:59:52Z,2024-01-29T06:59:52Z,0,"Display dull is real, i moved from s23u to s24u. And i noticed the same. I am missing s23u&#39;s display.. More vibrant. But i am hoping Samsung will fix this soon. 🤞🏻"
438,37,saurabhmukkawar5831,saurabhmukkawar5831,TYWHsKcb2Uk,2024-01-29T07:57:46Z,2024-01-29T07:57:46Z,0,If we want to choose between S23 Ultra and S24 Ultra considering 15% price difference.<br>Which will be a better pick?
439,36,purvishshah8427,purvishshah8427,TYWHsKcb2Uk,2024-01-29T08:33:30Z,2024-01-29T08:33:30Z,0,Wallpaper Please
440,35,YRAT-mr8jq,YRAT-mr8jq,TYWHsKcb2Uk,2024-01-29T09:17:11Z,2024-01-29T09:17:11Z,0,I have a s23 ultra and use performance profile light just because I don&#39;t use all that the power the SDgen2 offers. It&#39;s good for future proof but they give us more power but nothing to use it on. Guess they need some excuse for people to upgrade yearly. Think this phone will last me 3 years or until something really innovative comes out.
441,34,mikek2001,mikek2001,TYWHsKcb2Uk,2024-01-29T10:29:16Z,2024-01-29T10:29:16Z,0,Worth to buy a s23 ultra?
442,32,Spectre.007,Spectre.007,TYWHsKcb2Uk,2024-01-29T12:29:11Z,2024-01-29T12:29:11Z,0,"well its not actually AI, they just put some automation on the things that can be manually done before and then called it AI"
443,31,Mob3tta_01,Mob3tta_01,TYWHsKcb2Uk,2024-01-29T13:04:55Z,2024-01-29T13:04:55Z,0,"I have the s23u but upgrades because if titanium color, flat display, ai, screen bright and 7 years of updates. I&#39;m giving my son the s23u and getting the s24u now I gotta a s22u to sale"
444,30,true2life73,true2life73,TYWHsKcb2Uk,2024-01-29T13:32:41Z,2024-01-29T13:32:41Z,0,"Great video, Matthew.  Your review/ compare and contrast approach was well executed, honest, and enjoyable. I had to sub! Keep up the outstanding work, brother!"
445,29,johncaptain9561,johncaptain9561,TYWHsKcb2Uk,2024-01-29T13:32:58Z,2024-01-29T13:32:58Z,0,Will  get Galaxy AI for Ultra 23?
446,99,DJ_CRIZP,DJ_CRIZP,TYWHsKcb2Uk,2024-01-28T06:18:26Z,2024-01-28T06:18:26Z,0,The fact that it&#39;s lighter at all is surprising. Titanium is heavier than aluminum. It&#39;s funny to see people shocked that this phone isn&#39;t that much lighter than the Al model of last year. When they should really be shocked that it&#39;s not heavier....
447,0,Mrwhosetheboss,Mrwhosetheboss,HvoBci_GC8A,2024-01-27T13:34:07Z,2024-01-27T13:34:07Z,1697,"Thanks for your patience on this one - LOTS to test on this phone hehe<br>For 100 things that infuriate all of us about our Tech: <a href=""https://www.youtube.com/watch?v=zyPZuqkLaTc"">https://youtu.be/zyPZuqkLaTc</a>"
448,81,gt-c-,gt-c-,HvoBci_GC8A,2024-02-07T03:02:41Z,2024-02-07T03:02:41Z,2,* * Did I hear iPhone...what is that garbage piece of crap???   And even better - WHO ARE THE I--i-d---o--T--s buying it? * *
449,82,jimmytheasianboy,jimmytheasianboy,HvoBci_GC8A,2024-02-07T03:02:03Z,2024-02-07T03:02:03Z,2,You truly have the best review videos. I was an avid Samsung user until 2019 and have used an iPhone since 2019. Might switch to s24 Ultra. <br><br>Love from Korea.
450,23,anglosaxonbreed,anglosaxonbreed,HvoBci_GC8A,2024-02-07T20:44:55Z,2024-02-07T20:44:55Z,2,I will not be watching this. This guy has always been Iphone fan. I find his Reviews more like a discreet advertisement for the iPhone. The iPhone is not the best phone and has not been for many years. How ever apple are the best sales team in the world . USA are the best in world when it comes to sales and advertising.  Look coco cola hamburger  junk. If you want the best designers in the world you go to Italy Lamborghini Maserati Ferrari if you want the best engineers in the world you got a Germany. After all the germans put the first man on the moon in the 60s and Americans paid for it.😂
451,54,user-something.,user-something.,HvoBci_GC8A,2024-02-07T12:23:50Z,2024-02-07T12:23:50Z,2,"the problem with samsung is not their phones, its their community, as an iphone user i agree that the apple community is also toxic, but the samsung community is always starting phone fights, when its very useless."
452,62,user-xp7nk9dw8d,user-xp7nk9dw8d,HvoBci_GC8A,2024-02-07T09:18:14Z,2024-02-07T09:18:14Z,1,I havent used apple products in 10 years . Not going to
453,68,goochn007,goochn007,HvoBci_GC8A,2024-02-07T07:15:15Z,2024-02-07T07:15:15Z,1,"Your use to iPhone minimal operating, so you have no idea how to use a Samsung so no your not going to give it a fair shot"
454,24,vali69,vali69,HvoBci_GC8A,2024-02-07T20:35:48Z,2024-02-07T20:35:48Z,1,"People seem to firget the s8 and s9&#39;s infrared iris scanner, it&#39;s pretty much the same as iphone&#39;s face id but for the eyes. And really, I feel like fingerprints will always be the best option for unlocking a phone, I don&#39;t want my face in big tech&#39;s servers. Also I don&#39;t see how instagram and snapchat&#39;s poor compression should be the fault of the phone, that seems like an issue for the app developers."
455,53,Romano_BMT,Romano_BMT,HvoBci_GC8A,2024-02-07T12:34:20Z,2024-02-07T12:34:20Z,1,"I tested this phenomenon myself in showroom models at Mediamarkt. When you use Standard mode on the ultra  the colours are more vibrant and has higher brightness than the vivid mode in my experience. But if you compare vivid mode on the ultra and vivid on the s24+,  the plus model looks bette, vibrant and brighter. Even in 2k and full hd+. And because of this i think it is  a software thing and not something with the coating. But im not a engineer so who knows.<br> So i would suggest just use Standard mode if you have a ultra untill they fix it. Btw im from Europe so the s24+ showroom model has the exynos chip and not the snapdragon. I double checked it."
456,80,verts_tv,verts_tv,HvoBci_GC8A,2024-02-07T03:49:37Z,2024-02-07T03:49:37Z,1,I honestly can&#39;t believe people still use Apple products.
457,29,dabafagning7227,dabafagning7227,HvoBci_GC8A,2024-02-07T19:41:51Z,2024-02-07T19:41:51Z,1,Are you not going to do a video on the vision pro then?
458,78,asishuppadhyadeaf2059,asishuppadhyadeaf2059,HvoBci_GC8A,2024-02-07T04:35:50Z,2024-02-07T04:35:50Z,1,SAMSUNG king 👑❤
459,77,PassionFruit69420_,PassionFruit69420_,HvoBci_GC8A,2024-02-07T04:38:41Z,2024-02-07T04:38:41Z,1,18M🎉
460,74,tvm2209,tvm2209,HvoBci_GC8A,2024-02-07T05:18:30Z,2024-02-07T05:18:30Z,1,Sell my iPhone 14 Pro ?
461,36,mitchelro,mitchelro,HvoBci_GC8A,2024-02-07T17:16:29Z,2024-02-07T17:16:29Z,1,hey did you meet a young boy at centre parks in the showers because that was a friend of mine
462,83,true_bb,true_bb,HvoBci_GC8A,2024-02-07T02:12:50Z,2024-02-07T02:13:50Z,1,"<a href=""https://www.youtube.com/watch?v=HvoBci_GC8A&amp;t=699"">11:39</a> If you want to lie, take off your Apple Watch while filming. If you look at the recent videos you&#39;ve reviewed, they&#39;re all Apple Watch."
463,71,CyrusShameli,CyrusShameli,HvoBci_GC8A,2024-02-07T07:08:21Z,2024-02-07T07:08:30Z,1,The intro to this video went hard
464,39,allgoodpaing9351,allgoodpaing9351,HvoBci_GC8A,2024-02-07T15:54:04Z,2024-02-07T15:54:04Z,1,"Which company make most promot for their phones in respective countries? Answer is clear… iPhone never do any promotion like Samsung for their phones. For example, if you do pre order u will get double storage…."
465,40,caderally3176,caderally3176,HvoBci_GC8A,2024-02-07T15:13:23Z,2024-02-07T15:13:23Z,1,It copy the titanium of iPhone 😂
466,70,goochn007,goochn007,HvoBci_GC8A,2024-02-07T07:09:36Z,2024-02-07T07:13:40Z,1,"<a href=""https://www.youtube.com/watch?v=HvoBci_GC8A&amp;t=922"">15:22</a> Your apple watch shows your loyalty to Apple. As for everything else, it&#39;s just your opinion. S24 ultra is way better than the iPhone your bias you complain bf you say anything good about the phone smh"
467,69,CyrusShameli,CyrusShameli,HvoBci_GC8A,2024-02-07T07:11:15Z,2024-02-07T07:11:15Z,1,The S24 Ultra feels like an S23 Ultra but with software updates. Who is with me?
468,72,mitkothemacedonian,mitkothemacedonian,HvoBci_GC8A,2024-02-07T06:40:04Z,2024-02-07T06:40:04Z,1,"Nah, you will stick to your iphone, it&#39;s a status symbol and apple pays you the most."
469,79,pinncok3344,pinncok3344,HvoBci_GC8A,2024-02-07T04:04:11Z,2024-02-07T04:04:11Z,1,All of you people are just people that market for iPhones fan boys pretending to be reviews
470,9,harishaprema6035,harishaprema6035,HvoBci_GC8A,2024-02-08T04:58:28Z,2024-02-08T04:58:28Z,1,❤ for adding Taj Mahal in your holiday season. all Indians like here
471,87,ruhaanvaid9185,ruhaanvaid9185,HvoBci_GC8A,2024-02-07T01:35:25Z,2024-02-07T01:35:25Z,1,bro <br>apple vision pro<br>pls review<br>PROPERLY
472,3,Rosin2,Rosin2,HvoBci_GC8A,2024-02-08T07:02:30Z,2024-02-08T07:02:30Z,1,The way he rickrolls us😂
473,96,hillary3066,hillary3066,HvoBci_GC8A,2024-02-06T23:33:27Z,2024-02-06T23:33:27Z,1,"Imagine buying the s24 for over a 1000$ and getting mopped by a 400$ iphone 12 when you open Ig or Snapchat, that&#39;s a really big redflag..."
474,92,cryptic2079,cryptic2079,HvoBci_GC8A,2024-02-07T00:14:25Z,2024-02-07T00:14:25Z,1,"Blaming Samsung for how IG &amp; SC process is a little unreasonable at this point - considering these apps have been heavily biased in developing everything to work extremely well with iPhones and subpar for all Android devices. And I think Apple has done that on purpose. So it&#39;s definitely not a thing Samsung &quot;hasn&#39;t been trying to fix &amp; failing&quot;, considering how much they do on their devices, they&#39;re just getting f#&amp;ked along with other Android devices."
475,14,ar3568row,ar3568row,HvoBci_GC8A,2024-02-08T03:19:33Z,2024-02-08T03:19:33Z,1,Where is the vision pro review Arun
476,58,ultraproisgae,ultraproisgae,HvoBci_GC8A,2024-02-07T10:23:18Z,2024-02-07T10:23:18Z,1,Can you do a video about S24 Pluses?
477,86,RaulPrietoRodriguez,RaulPrietoRodriguez,HvoBci_GC8A,2024-02-07T01:47:23Z,2024-02-07T01:47:23Z,1,Samsung only goes better and better with the past of the years
478,19,barrdale,barrdale,HvoBci_GC8A,2024-02-07T23:26:36Z,2024-02-07T23:26:36Z,1,"I get it, you&#39;re an iPhone fanboy"
479,17,NiD0UA,NiD0UA,HvoBci_GC8A,2024-02-08T00:41:40Z,2024-02-08T00:41:40Z,1,And FairPhone is still better in terms of support.<br>And not only ;)
480,67,darvviny,darvviny,HvoBci_GC8A,2024-02-07T07:26:50Z,2024-02-07T07:26:50Z,0,@Mrwhosetheboss you said about the change to Titanium. WHO says for sure that it is Titanium and not Aluminium or something else? XD well LOL man who believes in our days without even checking the material😆<br>P.s. I would really appreciate if you would make a scientific check on this and the iPhone
481,98,bhargavipatel1526,bhargavipatel1526,HvoBci_GC8A,2024-02-06T23:06:56Z,2024-02-06T23:06:56Z,0,"I’ve already disliked two of apples videos, and I’m going to do more dislikes, no matter what"
482,59,trillzytech,trillzytech,HvoBci_GC8A,2024-02-07T10:13:36Z,2024-02-07T10:13:36Z,0,We are waiting for that iphone don&#39;t forget 18 million is here 700 000 left
483,60,Midoryiass,Midoryiass,HvoBci_GC8A,2024-02-07T09:35:42Z,2024-02-07T09:35:42Z,0,"<a href=""https://www.youtube.com/watch?v=HvoBci_GC8A&amp;t=1391"">23:11</a> I&#39;m quite surprised at the ending results 😅 but expecting that your gonna switch to the 16 pro max 😂 definitely for sure"
484,61,frederickkorankye3784,frederickkorankye3784,HvoBci_GC8A,2024-02-07T09:30:11Z,2024-02-07T09:30:11Z,0,You complained about a signal issue in your pixel 8 review so I think it&#39;s a problem of your location
485,97,simaxi,simaxi,HvoBci_GC8A,2024-02-06T23:21:05Z,2024-02-06T23:21:05Z,0,America&#39;s remembrance of the iPhone on Samsung is better than the atomic bomb.
486,63,littlezzzz6892,littlezzzz6892,HvoBci_GC8A,2024-02-07T09:17:55Z,2024-02-07T09:17:55Z,0,Hey man I love ur vids if ok for any of ur new vids can u use the song radical and decide what part is the best ( i love the drop) i am subbed and i have watched so many of ur vids kind regards Zain
487,64,rorydeegan2012,rorydeegan2012,HvoBci_GC8A,2024-02-07T08:38:17Z,2024-02-07T08:38:17Z,0,that lock screen looks IDENTICAL to my iphone one tho 😢
488,65,arungupta3838,arungupta3838,HvoBci_GC8A,2024-02-07T08:34:49Z,2024-02-07T08:34:49Z,0,When will you give apple vision pro review
489,66,damiangardiner1318,damiangardiner1318,HvoBci_GC8A,2024-02-07T07:53:25Z,2024-02-07T07:53:25Z,0,"September rolls along, goodbye S24. Same thing happens year after year. Either you love all the bells and whistles of the S24 ( most of which will never be used or needed) or you love the amazing iOS and the whole apple ecosystem. People will keep buying both. So at the end of the day it doesn’t really matter. Plus both phones cameras don’t even compare to the new DJI pocket 3. So if you’re serious about creating stunning content just get a dumb phone and a pocket 3."
490,88,Systematic-H,Systematic-H,HvoBci_GC8A,2024-02-07T01:34:50Z,2024-02-07T01:34:50Z,0,MAKE A NEW VIDEOOOO NOWWWWWW
491,57,Etheoma,Etheoma,HvoBci_GC8A,2024-02-07T10:43:30Z,2024-02-07T10:49:53Z,0,"Like to be honest, I&#39;m fine sticking with a good finger print scanning 90% of the time when I pull my phone out of my pocket or pick it up it&#39;s unlocked before I start looking at it because of the placement of the reader and how I hold my phone and I get to avoid having a massive hole in my screen."
492,95,rockingrogershomestead,rockingrogershomestead,HvoBci_GC8A,2024-02-06T23:44:50Z,2024-02-06T23:44:50Z,0,I am actually thinking of going back to the s ultra again from my ZF5.
493,94,jonhatton4354,jonhatton4354,HvoBci_GC8A,2024-02-06T23:54:15Z,2024-02-06T23:54:15Z,0,"I’ve been a follower of yours for some time. I got a message from someone pretending to be you on Etsy offering product reviews in return for $5,000. I’m a seasoned, full time Etsy seller, so I can spot a scam easily. Just thought you should know 🤷🏼‍♂️😂"
494,93,saskltv,saskltv,HvoBci_GC8A,2024-02-07T00:13:27Z,2024-02-07T00:14:24Z,0,But all this AI is on the pixel 4 months ago. it’s not a Samsung feature at all it’s just google. This is why I’ve gone pixel. Once they were lacking so bad in hardware but now they’re not. Legit this phone is a pixel 8 pro with a re skin and a more power hungry chip. I mean the screen is the same screen that’s on the the s24 ultra.
495,85,John14-6.,John14-6.,HvoBci_GC8A,2024-02-07T01:48:16Z,2024-02-07T01:48:16Z,0,400mp sensor😅
496,91,cryptic2079,cryptic2079,HvoBci_GC8A,2024-02-07T00:17:14Z,2024-02-07T00:17:14Z,0,The fact that there&#39;s a phone that has a pen which works like magic makes Samsung an industry leader every time they still keep it
497,90,1_GINGA,1_GINGA,HvoBci_GC8A,2024-02-07T00:29:27Z,2024-02-07T00:29:27Z,0,Try the apple vision pro
498,73,matsstamos7490,matsstamos7490,HvoBci_GC8A,2024-02-07T06:05:38Z,2024-02-07T06:11:33Z,0,The symmetry of the edge is fine as long as you completely ignore the asymmetrical black hole in the screen. Just because almost all phones have it doesn&#39;t mean it isn&#39;t there. Whatever you do don&#39;t look at the Nubia flagships. Pay over 2x more for Samsung and love it.<br><br>Non black dark mode is pathetic.
499,89,__durkes0206__,__durkes0206__,HvoBci_GC8A,2024-02-07T00:54:04Z,2024-02-07T00:54:04Z,0,Hi Arun<br>Can review S24<br>Every tech guy talk about the Ultra but not the base version<br>I have been watching your videos for years and I am a fan of your work <br>I hope you would review it<br>Thank you
500,75,JoseSerratos94,JoseSerratos94,HvoBci_GC8A,2024-02-07T04:46:04Z,2024-02-07T04:46:04Z,0,"Great video. My ocd is telling tho that on minute <a href=""https://www.youtube.com/watch?v=HvoBci_GC8A&amp;t=513"">8:33</a> instead of using the word subjective, I would’ve used anecdotal. I’m sure a better word exists though."
501,76,rohanbhalerao7417,rohanbhalerao7417,HvoBci_GC8A,2024-02-07T04:45:59Z,2024-02-07T04:45:59Z,0,Am waiting for apple vision pro review
502,84,aliettienne2907,aliettienne2907,HvoBci_GC8A,2024-02-07T01:58:24Z,2024-02-07T02:38:36Z,0,"<a href=""https://www.youtube.com/watch?v=HvoBci_GC8A&amp;t=729"">12:09</a> The speed of the translation is remarkably fast seeing that the language was translated &quot;on the fly&quot; the very second you finish typing out your thoughts. It is really exciting to see there&#39;s no delays after a finish sentence that quality of efficiency is a necessity. 😎💯💪🏿👍🏿 <a href=""https://www.youtube.com/watch?v=HvoBci_GC8A&amp;t=1041"">17:21</a> If circle to search can effectively interact with all photos including new photos taken by your camera then this is a game changer which proves that this feature have high potential for the future. <a href=""https://www.youtube.com/watch?v=HvoBci_GC8A&amp;t=810"">13:30</a> The Ai summaring feature are incredibly essential for everyone especially for professional users. <a href=""https://www.youtube.com/watch?v=HvoBci_GC8A&amp;t=1109"">18:29</a> But still despite it disappointing flaws Live translation has a promising future and it current flaws are fixable. <a href=""https://www.youtube.com/watch?v=HvoBci_GC8A&amp;t=1233"">20:33</a> This is true Samsung shouldn&#39;t sell those Ai features as features that is part of the phone and also it can be hard to add another bill on top of other bills unless it is something that adds benefits to you. If it is an Ai feature that can execute every tedious or repetitive task effective on your phone just by using your voice then it can be a worthy service to buy. It appears that people are complaining about the additional cost which shows that we need to revised and upgrade every utility to compel people to take on another expense or bill. We need to add utilities that will add benefits to facilitate saving money for users. I quess people want to save money not to lose money which is a complicated task to solve."
503,50,Piano_songs-uq7um,Piano_songs-uq7um,HvoBci_GC8A,2024-02-07T12:38:06Z,2024-02-07T12:38:06Z,0,What phones do yall have?
504,56,user-hz6jp7lt7z,user-hz6jp7lt7z,HvoBci_GC8A,2024-02-07T11:55:33Z,2024-02-07T11:55:33Z,0,hi mate if you had to choose between a nothing phone 1 and the redmi note 12 pro plus discovery edition which would you go for ? cheers
505,13,oncrei,oncrei,HvoBci_GC8A,2024-02-08T03:48:50Z,2024-02-08T03:48:50Z,0,"Face scanning is not more automatic.<br>I can unlock my phone even without looking at it.<br>And also, if you want to use it, what is the first thing you will do? Put a finger on the screen, duh. They dont read your mind.<br>Also, face scanning is awesome wearing a mask on iPhones (sarcastic).<br>I know a lot of people that wont give away the fingerprint reader for face unlock, not even my wife, iphone user (se 3rd gen).<br>Face unlock is stupid for a phone butz awesome on a laptop, where you have to otherwise go put your finger on the fingeprint reader even if you don&#39;t need to press that button for anything. Mac has the notch and not the feature, windows doesn&#39;t have the notch and it has windows hello. Upside down world."
506,26,DaarrkEdge01,DaarrkEdge01,HvoBci_GC8A,2024-02-07T19:57:50Z,2024-02-07T19:57:50Z,0,Missed an obvious boss baby joke
507,25,Wasser-fz9ub,Wasser-fz9ub,HvoBci_GC8A,2024-02-07T20:10:15Z,2024-02-07T20:10:15Z,0,I am using the fold 4 and before that I had the Xiaomi fold 1 and I am so fucked up with Samsung. I will never ever buy a Samsung again if possible and I am full in to the Xiaomi phones and I will immediately get the new fold of Xiaomi when available with EU ROM. It will be better in any way as Samsungs shit.
508,22,stevensrocks798,stevensrocks798,HvoBci_GC8A,2024-02-07T21:33:24Z,2024-02-07T21:33:24Z,0,But did you remember the chocolate pillows?
509,21,coronapinus3714,coronapinus3714,HvoBci_GC8A,2024-02-07T22:56:20Z,2024-02-07T22:56:20Z,0,"Been using this beast for about a week, it&#39;s amazing. Battery life is super, durability&#39;s over the top, runs games like it&#39;s nothing, AI really improves daily use and the cameras take stunning photos. Props to samsung."
510,20,floki1715,floki1715,HvoBci_GC8A,2024-02-07T23:15:16Z,2024-02-07T23:15:16Z,0,Hi arun! <br><br>Can you make comparison video about s24/S24+ exynos 2400 vs sd8gen3 ?<br><br>Just wondering if there is a massive gap between both versions. Thank you !
511,18,taspapadopoulos745,taspapadopoulos745,HvoBci_GC8A,2024-02-08T00:19:30Z,2024-02-08T00:19:30Z,0,yoooo sick vid what&#39;s your opinion on the new monkey submarine paragon
512,16,Jaysonjay,Jaysonjay,HvoBci_GC8A,2024-02-08T02:07:00Z,2024-02-08T02:07:00Z,0,Too long
513,15,pjmsky9125,pjmsky9125,HvoBci_GC8A,2024-02-08T03:07:54Z,2024-02-08T03:07:54Z,0,"I think you&#39;re a bit bias towards iPhone and never saw this before. You complained about microscopic scratches, signal issues, muffled speaker in which none of your previous videos have described before. 8 minutes of downplaying the 24 Ultra but I&#39;m pretty sure you&#39;ll never be a long user. You can&#39;t dismiss reversed wireless charge,  stylus improvements, Samsung Dex, better battery and all the innovations Samsung brings. Apple has yet to innovate giving it&#39;s users the same technology Samsung already had.  So when iPhone 16 comes out with Type C ports they&#39;re going to claim that it&#39;s new !? seriously?? smh"
514,12,levihancox6523,levihancox6523,HvoBci_GC8A,2024-02-08T03:50:15Z,2024-02-08T03:50:15Z,0,"The s22 ultra had a horrible signal as well. My s23 has great signal, though. Honestly, I&#39;ll probably wait for the next phone after the s24 because the s24 doesn&#39;t seem much different than the s23"
515,28,alphaandliarize,alphaandliarize,HvoBci_GC8A,2024-02-07T19:41:51Z,2024-02-07T19:41:51Z,0,I hate this guy. Now I have both iPhone 15 Pro Max and Samsung Galaxy S24 Ultra.
516,11,oncrei,oncrei,HvoBci_GC8A,2024-02-08T03:50:40Z,2024-02-08T03:50:40Z,0,All that shoving samsung down your throat is way worse on any apple product with apple apps and services.<br>I don&#39;t use any of those samsung services in my s22 ultra.
517,10,user-xt6je4by8o,user-xt6je4by8o,HvoBci_GC8A,2024-02-08T04:51:29Z,2024-02-08T04:51:48Z,0,Entertaining and seamless review  xD
518,8,zargon6919,zargon6919,HvoBci_GC8A,2024-02-08T05:08:27Z,2024-02-08T05:08:27Z,0,Can you do a is it worth upgrading from a s23 ultra or s23 ultra vs s24 ultra
519,7,user-xe5vq6ul5z,user-xe5vq6ul5z,HvoBci_GC8A,2024-02-08T05:10:55Z,2024-02-08T05:10:55Z,0,Face recognition is such a dumb thing to be honest and I am telling this from an experience. so basically what happened was my sister was trying to unlock my phone but I was not letting her because of a thing called privacy it&#39;s not like she was trying to invade my privacy she was just messing with me. so basically what she did was just point the front camera towards me and Surprise  mother brother the phone was unlocked.
520,6,LEMMIFU69,LEMMIFU69,HvoBci_GC8A,2024-02-08T05:23:54Z,2024-02-08T05:23:54Z,0,You should review the Apple vision pro
521,5,uddesh.m.sahadeo311,uddesh.m.sahadeo311,HvoBci_GC8A,2024-02-08T06:42:20Z,2024-02-08T06:42:20Z,0,"Can you include idle battery drain tests in your battery test comparisons??.... Like overnight drain test (equivalent hours)<br>While I know it will add a lot of delay into the video making, I think an overnight drain test would be reflective of real world use."
522,4,clinteastwood8222,clinteastwood8222,HvoBci_GC8A,2024-02-08T06:57:57Z,2024-02-08T06:58:41Z,0,It’s simple you either prefer tea or coffee. I don’t see the point anymore in discussing which is better iPhone or android. It’s what suits you and what you’re used to. Every new release of smartphone comes with incremental improvements over the other. It’s all boring. There’s been no major innovation for years now
523,2,Unplugged_Bits,Unplugged_Bits,HvoBci_GC8A,2024-02-08T07:03:07Z,2024-02-08T07:03:07Z,0,I just got one now.
524,27,Stricks823,Stricks823,HvoBci_GC8A,2024-02-07T19:53:40Z,2024-02-07T19:53:40Z,0,"I was wondering how &quot;extremely careful&quot; would make it have those scratches you pointed out but when you exemplified how you can&#39;t charge it on a magsafe charger I understood your definition of  extremely careful and in that case I treat my phone with super mega extra double triple care , I handle it as if was made of thin glass"
525,30,mikhailSRT4,mikhailSRT4,HvoBci_GC8A,2024-02-07T18:45:53Z,2024-02-07T18:45:53Z,0,Please tell me if the vibration in the phone increased because the problem with my s23 ultra is when someone text me I can&#39;t even feel it in my pocket has such a weak vibrator built into it
526,55,Moonchiie,Moonchiie,HvoBci_GC8A,2024-02-07T12:11:54Z,2024-02-07T12:11:54Z,0,I hope Realme Gt 5 pro comes to global and would be nice if you do a review about it😊
527,44,paytmearning9233,paytmearning9233,HvoBci_GC8A,2024-02-07T13:49:35Z,2024-02-07T13:49:35Z,0,Battery life video s21fe vs s22 vs s23 vs s24
528,52,Piano_songs-uq7um,Piano_songs-uq7um,HvoBci_GC8A,2024-02-07T12:37:07Z,2024-02-07T12:37:07Z,0,WOOOOOOOO
529,51,Piano_songs-uq7um,Piano_songs-uq7um,HvoBci_GC8A,2024-02-07T12:37:33Z,2024-02-07T12:37:33Z,0,Could you do a review of base iphone 15 and base s24?
530,1,NEYMARJRHDXD10_YT,NEYMARJRHDXD10_YT,HvoBci_GC8A,2024-02-08T07:10:56Z,2024-02-08T07:10:56Z,0,Can you review the honour Magic v2
531,49,Piano_songs-uq7um,Piano_songs-uq7um,HvoBci_GC8A,2024-02-07T12:38:34Z,2024-02-07T12:38:34Z,0,"<a href=""https://www.youtube.com/watch?v=HvoBci_GC8A&amp;t=85"">1:25</a> great moment lol"
532,48,AlexanderSzymanski-wg3nh,AlexanderSzymanski-wg3nh,HvoBci_GC8A,2024-02-07T12:43:40Z,2024-02-07T12:43:40Z,0,Yo 18m subs good job my belly hurts
533,47,waynehochstetler9515,waynehochstetler9515,HvoBci_GC8A,2024-02-07T13:32:19Z,2024-02-07T13:32:19Z,0,Samsung really needs to pay this man!! I&#39;ve had the s22 ultra since it came out and wasn&#39;t going to upgrade but after seeing this video I just might go in an get one
534,46,paytmearning9233,paytmearning9233,HvoBci_GC8A,2024-02-07T13:49:08Z,2024-02-07T13:49:08Z,0,Battery life video s21fe vs s22 vs s23 vs s24 <br><br><br><br><br><br><br><br><br><br><br><br>Battery life video s21fe vs s22 vs s23 vs s24 <br><br><br><br><br><br><br>Battery life video s21fe vs s22 vs s23 vs s24
535,45,paytmearning9233,paytmearning9233,HvoBci_GC8A,2024-02-07T13:49:18Z,2024-02-07T13:49:18Z,0,Battery life video s21fe vs s22 vs s23 vs s24
536,43,buds20,buds20,HvoBci_GC8A,2024-02-07T14:38:08Z,2024-02-07T14:38:08Z,0,"Went to have a look at in in store, way to thick for me, no thanks"
537,31,Coinxpz,Coinxpz,HvoBci_GC8A,2024-02-07T17:52:34Z,2024-02-07T17:52:34Z,0,can you do a video of the Apple Vision Pro pls
538,42,THEWATCHER0101,THEWATCHER0101,HvoBci_GC8A,2024-02-07T14:55:54Z,2024-02-07T14:55:54Z,0,I’ll stick with my amazing blue iPhone 15 💪👍
539,41,abare6793,abare6793,HvoBci_GC8A,2024-02-07T14:56:39Z,2024-02-07T14:56:39Z,0,But this guy is always leaving iphone
540,38,ahmad.alemam,ahmad.alemam,HvoBci_GC8A,2024-02-07T16:10:31Z,2024-02-07T16:10:31Z,0,"Gongrats on 18m , i cant wait to see your phone"
541,37,zero5314,zero5314,HvoBci_GC8A,2024-02-07T17:16:27Z,2024-02-07T17:16:27Z,0,Faça uma comparação com um vivo por exemplo x80 pro\x90pro e o 100 pro ou oppo x7 ultra! Pois eu tenho um x80 pro e um s22 ultra  a vivo e núbia tam o melhor processamento em câmeras até mo meu x80 pro encostam acredito eu o s23 ou s 24 em vários cenarios noite um deles e há mais. O x100 pro encostam isso em câmeras
542,35,zero5314,zero5314,HvoBci_GC8A,2024-02-07T17:18:40Z,2024-02-07T17:18:40Z,0,Digo pois leio há muitos anos e Samsung tive os quase todos tirando os novos leva porrada em detalhe zoom ao pé mdum x100 pro e quando sair o x100pro plus chapéu
543,34,zero5314,zero5314,HvoBci_GC8A,2024-02-07T17:20:38Z,2024-02-07T17:20:38Z,0,Vivo ópticas e processamento é outro nível
544,33,zero5314,zero5314,HvoBci_GC8A,2024-02-07T17:22:32Z,2024-02-07T17:22:32Z,0,"Photos simples no interior coitado do meu s23 ultra perde logo num quarto photos simples ,macro, e no detalhe"
545,32,Sebastian55674,Sebastian55674,HvoBci_GC8A,2024-02-07T17:48:05Z,2024-02-07T17:48:05Z,0,fifth video in a row with the s24 ultra in the thumbnail
546,99,Light-hawk,Light-hawk,HvoBci_GC8A,2024-02-06T22:54:59Z,2024-02-06T22:55:54Z,0,"Still running a Note 8 that I got on launch day back in 2017. That part about the S-pen is very accurate. Even before when I had the Note 3. Would a larger battery be nice? Sure, but the amount of times I have been thankful for the added functionality that little pen gives in my opinion outweighs it. The s-pen being on the left side is a tad interesting though as it is on the right side (the side you said it should be on) on my phone. Time and time again I have thought about switching to Apple and narrowing down the amount of ecosystems I deal with as my career field is still dominated by Apple products but the fact that the pro max phones still don&#39;t have some sort of apple pencil (perhaps an apple pencil mini?) for them yet has been a huge holdup for me."
547,52,MatthewEGolden,MatthewEGolden,OjxljuS7wY0,2024-02-07T00:31:09Z,2024-02-07T00:31:09Z,1,My s22 is bright enough in direct florida 🌞.
548,40,MoviesToWatchNext,MoviesToWatchNext,OjxljuS7wY0,2024-02-07T07:31:06Z,2024-02-07T07:31:06Z,1,Solution solved 😂😂😂😂😂😂
549,3,befreud,befreud,OjxljuS7wY0,2024-02-08T03:32:32Z,2024-02-08T03:32:32Z,1,Circle to search has got to be the coolest feature of a phone the past few years...Truly nuts
550,49,user-dl8nj5sv6k,user-dl8nj5sv6k,OjxljuS7wY0,2024-02-07T02:45:31Z,2024-02-07T02:47:54Z,1,"<a href=""https://www.youtube.com/watch?v=OjxljuS7wY0&amp;t=90"">1:30</a> Too bad the Gorilla Glass doesn&#39;t resist scratches as good as what they had in 2008!!! Back then you could survive occasional keys in your pocket or placed on bar top glass down without scratching.  Means you now MUST put a screen protector on -- never used to 10 years ago.  So what difference does the glare properties matter?  And the brightness needed to get thru the protectorl"
551,6,liquidalloy,liquidalloy,OjxljuS7wY0,2024-02-08T02:23:36Z,2024-02-08T02:23:36Z,1,Best phone I have ever owned. It makes my S22 Ultra seem like it is 10 years old. ZERO hiccups and ZERO bogs. This phone just simply flies and works flawlessly.
552,10,kevinnavarro1994,kevinnavarro1994,OjxljuS7wY0,2024-02-07T23:43:25Z,2024-02-07T23:43:25Z,1,I upgraded from a Galaxy S9+ to a Galaxy S24+ wishing I had gotten an ultra but still love the plus!
553,35,aalmatrooshi,aalmatrooshi,OjxljuS7wY0,2024-02-07T12:07:23Z,2024-02-07T12:07:23Z,1,Paid advertisment 😂
554,65,willfullyinformed,willfullyinformed,OjxljuS7wY0,2024-02-06T19:31:26Z,2024-02-06T19:31:26Z,1,"Samsung is just another trashy company that creates trashy phones FULL of bloatware and tracking, same with their TV&#39;s and just about everything they touch. Nevermind their freak-level monopoly on entire countries like Korea. Wish we could all collectively just stop giving these companies attention and make a statement about how backwards and trashy their devices have become. Running Graphene OS, never going back."
555,73,SuperZabojca,SuperZabojca,OjxljuS7wY0,2024-02-06T16:31:29Z,2024-02-06T16:31:29Z,0,"<a href=""https://www.youtube.com/watch?v=OjxljuS7wY0&amp;t=805"">13:25</a> rotfl best moment."
556,72,DarkKitarist,DarkKitarist,OjxljuS7wY0,2024-02-06T17:11:08Z,2024-02-06T17:11:08Z,0,I&#39;d buy it right away but having 1tb built in storage in my galaxy s10 Plus is just tooo nice to give up :P
557,71,FlexWheeler88,FlexWheeler88,OjxljuS7wY0,2024-02-06T17:15:47Z,2024-02-06T17:16:01Z,0,Once Linus gets used to the ASS-Pen
558,70,clintmiller88,clintmiller88,OjxljuS7wY0,2024-02-06T17:45:18Z,2024-02-06T17:45:33Z,0,Would run APPLE  through the<br> Gauntlet if they did this
559,69,clintmiller88,clintmiller88,OjxljuS7wY0,2024-02-06T17:48:18Z,2024-02-06T17:48:18Z,0,Lol Samsung gets all the grace
560,68,clintmiller88,clintmiller88,OjxljuS7wY0,2024-02-06T17:53:51Z,2024-02-06T17:53:51Z,0,The AI is crazy
561,67,dai-chitran,dai-chitran,OjxljuS7wY0,2024-02-06T18:23:38Z,2024-02-06T18:23:38Z,0,"imagine linus doing a review on the ZTE nubia Z60 Ultra, it looks so weird"
562,66,hfreistify,hfreistify,OjxljuS7wY0,2024-02-06T18:45:32Z,2024-02-06T18:45:32Z,0,"I would not buy it yet<br>Some Galaxy S24 pre-order customers received their phones early and noticed a display issue related to the vivid color profile. Samsung is aware of the problem and is working on a fix,"
563,63,Undertaker.95,Undertaker.95,OjxljuS7wY0,2024-02-06T19:54:14Z,2024-02-06T19:54:14Z,0,&quot;Minimum brightness is more important than maximum brightness&quot;. Stop telling bs to your loyal fans Linus...
564,64,BlueCrashFigurineHoldingWumpa,BlueCrashFigurineHoldingWumpa,OjxljuS7wY0,2024-02-06T19:39:40Z,2024-02-06T19:39:40Z,0,"If it ain&#39;t boring, then I guess you won&#39;t sell it?"
565,75,COMMANDandConquer199,COMMANDandConquer199,OjxljuS7wY0,2024-02-06T15:58:00Z,2024-02-06T15:58:00Z,0,If I&#39;d have known they were going to start charging for the AI shit next year I wouldn&#39;t have bought this phone. That honestly pisses me the fuck off.
566,62,Daniel-fi7jp,Daniel-fi7jp,OjxljuS7wY0,2024-02-06T20:04:11Z,2024-02-06T20:14:45Z,0,"Commenting to see if they cover Dex mode... god do I want more mobile desktop modes<br>They did not cover DeX, although this is short circuit so I guess I can wait for the full review"
567,61,radup.888,radup.888,OjxljuS7wY0,2024-02-06T20:35:10Z,2024-02-06T20:35:10Z,0,"ultra has SD3 worldwide so no excuse to lower performence, I&#39;m guessing maybe the AI part has something to do with it"
568,60,atechcheck,atechcheck,OjxljuS7wY0,2024-02-06T21:03:01Z,2024-02-06T21:03:01Z,0,Did he actually used Note9 to show off S24U LOL are you F serious? And then continues to demonstrate paid and scripted part XD No wonder I stopped watching you guys LOL
569,59,Phoenix-63,Phoenix-63,OjxljuS7wY0,2024-02-06T21:18:54Z,2024-02-06T21:23:11Z,0,"the term you&#39;re looking for is &quot;sarcasm&quot;, not irony. you know what else is ironic? your sponsor, and that even with circle search you had to included the effing store. as for sarcasm here, have a free shoutout to the ltt store ya beggars."
570,58,TheChudoviste,TheChudoviste,OjxljuS7wY0,2024-02-06T21:22:18Z,2024-02-06T21:22:18Z,0,"<a href=""https://www.youtube.com/watch?v=OjxljuS7wY0&amp;t=175"">2:55</a> or just use the &quot;take a picture with a phrase&quot; function, which is available for years now.<br>Just say &quot;cheese&quot;..."
571,57,daroz5351,daroz5351,OjxljuS7wY0,2024-02-06T22:10:05Z,2024-02-06T22:10:05Z,0,linus?<br>6
572,56,alexberman84,alexberman84,OjxljuS7wY0,2024-02-06T22:24:26Z,2024-02-06T22:24:26Z,0,nobody said its a new s 23 ultra s  - this video is nonsense
573,55,MrDucatiV4,MrDucatiV4,OjxljuS7wY0,2024-02-06T22:59:49Z,2024-02-06T23:00:23Z,0,The S24U is much better than the iphone 15 crap! 💯
574,74,clipzy5032,clipzy5032,OjxljuS7wY0,2024-02-06T16:01:10Z,2024-02-06T16:01:10Z,0,As someone with a s9+ thanks for the info
575,0,qasim5279,qasim5279,OjxljuS7wY0,2024-02-08T07:51:49Z,2024-02-08T07:52:56Z,0,Why compare screens against Note 9 ? 😂 any issues you&#39;re trying to hide ? Maybe somethinf to do with vivid colour settings .... or perhaps that&#39;s how far back you had to go to make it look like an upgrade 😂
576,76,Xeonzs,Xeonzs,OjxljuS7wY0,2024-02-06T15:46:02Z,2024-02-06T15:48:19Z,0,"No 3,5 jack, instant pass, and no I&quot;m not going to please the market and buy a forced accessory dongle"
577,54,animegeek6118,animegeek6118,OjxljuS7wY0,2024-02-07T00:00:30Z,2024-02-07T00:00:30Z,0,I’m getting ready to leave Apple so everything about this phone sounds great to me.
578,98,yamahaevo,yamahaevo,OjxljuS7wY0,2024-02-06T09:18:00Z,2024-02-06T09:18:00Z,0,Wow ai woww S21 have the same &quot;ai&quot; with google lens. Probably s20 to
579,97,SoulTouchMusic93,SoulTouchMusic93,OjxljuS7wY0,2024-02-06T10:10:30Z,2024-02-06T10:10:30Z,0,"cool, i&#39;ll get the 25 when the ai gets a bit more mature."
580,96,jorrit_trickz,jorrit_trickz,OjxljuS7wY0,2024-02-06T10:16:44Z,2024-02-06T10:16:44Z,0,"All those features are already on my Google Pixel for like a week, really glad since it&#39;s Google hahahaha"
581,95,Lawdasur_Reflex,Lawdasur_Reflex,OjxljuS7wY0,2024-02-06T10:20:34Z,2024-02-06T10:20:34Z,0,how is he so handsome
582,94,obakenyanko,obakenyanko,OjxljuS7wY0,2024-02-06T10:57:32Z,2024-02-06T10:57:32Z,0,Not the MatPat red leather jacket 😂😂
583,93,LL-qm3sl,LL-qm3sl,OjxljuS7wY0,2024-02-06T11:13:11Z,2024-02-06T11:13:11Z,0,I thought that Samsung implemented the snapdragon in all regions starting with the s23 series.
584,92,Vin3ri13,Vin3ri13,OjxljuS7wY0,2024-02-06T11:33:08Z,2024-02-06T11:33:08Z,0,"Absolutly no conclusion after this clip, just bald bla bla useless stuff."
585,91,drakotaz7729,drakotaz7729,OjxljuS7wY0,2024-02-06T11:36:08Z,2024-02-06T11:36:08Z,0,This phone is a disappointment for a lot of reasons i even thought on buying one but after i looked a bit more about it i realised it’s not worth the money
586,90,eugenenalpin6058,eugenenalpin6058,OjxljuS7wY0,2024-02-06T11:40:06Z,2024-02-06T11:40:06Z,0,"You and Yvonne are qute together :)<br><br>It&#39;s inspiring to see you guys still have passion for each other, it&#39;s quite a rarity these days"
587,89,lunchbox1341,lunchbox1341,OjxljuS7wY0,2024-02-06T13:20:04Z,2024-02-06T13:20:04Z,0,"I truly don&#39;t undersand how anyone can use a phone this big, especially with these sharp corners. It really does not look comforable to use."
588,88,JPK1337,JPK1337,OjxljuS7wY0,2024-02-06T13:37:15Z,2024-02-06T13:37:15Z,0,there is no exynos ultra bzw. Just the base model and the plus.
589,87,JPK1337,JPK1337,OjxljuS7wY0,2024-02-06T13:41:23Z,2024-02-06T13:41:23Z,0,"24 hours of Youtube playback would be impossible. every Samsung I ever had (s7, s9, s20, s22) was dead after a maximum of 7 hours of screen on time"
590,86,TrollYaRollBro,TrollYaRollBro,OjxljuS7wY0,2024-02-06T13:58:44Z,2024-02-06T13:58:44Z,0,&quot;All the delicious data 🤤&quot;<br><br>😂😂
591,85,Benny-tb3ci,Benny-tb3ci,OjxljuS7wY0,2024-02-06T14:02:03Z,2024-02-06T14:02:03Z,0,How is it still legal for companies to sell a phone with two completely different SoCs and name it the same all over the world? Can you imagine a company selling &quot;THE BESTEST PC EVER&quot; and having a 14900K in the American systems and a 4770k in the European ones?
592,84,raymbw12,raymbw12,OjxljuS7wY0,2024-02-06T14:06:57Z,2024-02-06T14:06:57Z,0,I am still deciding whether to buy the S24 plus 512gb rather than the Ultra 1tb or 512gb. I still have the Note 9 512gb and newer Note 20 512gb on a Plan for 3 years only way to go for me. I keep waiting until  this mobile S24 arrived but go one level down S24 Plus 512gb. thank for your review Linus.
593,83,SimonCrowther1,SimonCrowther1,OjxljuS7wY0,2024-02-06T14:24:31Z,2024-02-06T14:24:31Z,0,Any thoughts on Vivid mode not working? Settings--&gt;Display--&gt;Screen Mode--&gt;Vivid isn&#39;t doing anything. It&#39;s just Natural (even when vivid is selected) that most people switch from as soon as they get their Samsung phone
594,82,Drrobverjones,Drrobverjones,OjxljuS7wY0,2024-02-06T14:31:19Z,2024-02-06T14:31:19Z,0,"I can already do Bixby vision and find stuff too on my s22 ultra. This looks even better being able to circle the object, but not super revolutionary"
595,81,Drrobverjones,Drrobverjones,OjxljuS7wY0,2024-02-06T14:34:14Z,2024-02-06T14:34:14Z,0,I lost it when you used AI to erase the AI watermark 😂😂😂
596,80,ivanstefanac1144,ivanstefanac1144,OjxljuS7wY0,2024-02-06T15:12:21Z,2024-02-06T15:12:21Z,0,Got s24+😅
597,79,blackopsrocks,blackopsrocks,OjxljuS7wY0,2024-02-06T15:24:16Z,2024-02-06T15:24:16Z,0,"Lol, my Note 9 looks the same."
598,78,oryan2,oryan2,OjxljuS7wY0,2024-02-06T15:27:28Z,2024-02-06T15:27:28Z,0,Who&#39;s &quot;They&quot;?
599,77,hankmiller990,hankmiller990,OjxljuS7wY0,2024-02-06T15:43:14Z,2024-02-06T15:43:14Z,0,"I don&#39;t really care who has the best camera or is the fastest phone in benchmarks. Every flagship smartphone takes super pictures and video&#39;s and is blazing fast. 97% of all smartphone users don&#39;t even see the differences.<br>I&#39;m a SMARTPHONE user so I want the best screen (dpi/brightness/anti-glare), best battery, best/most usablility and productivity options, best gaming- and multi-media experience, best personalization options and best innovation. <br>I want DEX, KNOX, S-PEN, call recording, multi-tasking, multi-window, fingerprint scanner, best screen, widgets, themes, integration with windows, the biggest eco-system (Samsung SmartThings), fast charging, fast wireless charging and I want AI.<br>On all these aspects the S24 Ultra is destroying the iphone 15 PM big time.  So why keep people buying these antiquated, restricted and very very limited iphones?"
600,50,arthurmarcil6787,arthurmarcil6787,OjxljuS7wY0,2024-02-07T02:22:45Z,2024-02-07T02:22:45Z,0,I approve of the name S23 Ultra S<br><br>The number after 3 is forbidden. Maybe Samsung Galaxy S23B  ?
601,53,The0n,The0n,OjxljuS7wY0,2024-02-07T00:06:25Z,2024-02-07T00:06:50Z,0,They even copied the natural titanium color from the iPhone 15 Pro💀💀💀
602,15,thepaladin6250,thepaladin6250,OjxljuS7wY0,2024-02-07T20:28:16Z,2024-02-07T20:28:16Z,0,Should have known to wait for this before ordering my dbrand case :/
603,24,jacobhrl,jacobhrl,OjxljuS7wY0,2024-02-07T18:17:50Z,2024-02-07T18:17:50Z,0,Totally with you on the curved display. I think it was such a cool design choice and I&#39;m sad to see it gone :&#39;( Flat screen is definitely better for people who use the S Pen a lot though I have to say.
604,23,nerdydan6638,nerdydan6638,OjxljuS7wY0,2024-02-07T18:26:18Z,2024-02-07T18:26:33Z,0,"the only complaint i had about my s23 was the edged screen. My last 2 phones (including the s23) have been edged screens. I prefer flat, and may just get the s24 for the flat screen alone."
605,22,HanCurunyr,HanCurunyr,OjxljuS7wY0,2024-02-07T18:28:01Z,2024-02-07T18:28:01Z,0,"If its Titanium, can we call this the S24 Ultra Ti?"
606,21,traver1965,traver1965,OjxljuS7wY0,2024-02-07T19:40:36Z,2024-02-07T19:40:36Z,0,Wi-Fi 7 is freaking awesome he says. The standard is not ratified yet and almost all routers dont support it. Idiotic comments like this drags the channel down. I have loved this channel for years but it has become a commercial gig and a clown cirkus. Wi-Fi 7 up my
607,20,traver1965,traver1965,OjxljuS7wY0,2024-02-07T19:40:48Z,2024-02-07T19:40:48Z,0,"Wi-Fi 7 is freaking awesome he says. The standard is not ratified yet and almost all routers dont support it. Idiotic comments like this drags the channel down. I have loved this channel for years but it has become a commercial gig and a clown cirkus. Wi-Fi 7 up my<a href=""UCkszU2WH9gy1mb0dV-11UJg/G8AfY6yWGuKuhL0PlbiA2AE""></a>"
608,19,ruimdsm2,ruimdsm2,OjxljuS7wY0,2024-02-07T19:57:37Z,2024-02-07T19:57:37Z,0,you can also do google image search on pixel phones @ShirtCircuit
609,18,lovie74,lovie74,OjxljuS7wY0,2024-02-07T20:20:51Z,2024-02-07T20:20:51Z,0,What is the big deal with Bluetooth 5.4? Should I wait until next year to buy a new phone if it&#39;s that big of a jump.
610,17,jorgeazmitia3288,jorgeazmitia3288,OjxljuS7wY0,2024-02-07T20:23:12Z,2024-02-07T20:23:12Z,0,Do someone knows the name of the app of the scrachable date night ideas
611,16,jorgeazmitia3288,jorgeazmitia3288,OjxljuS7wY0,2024-02-07T20:25:10Z,2024-02-07T20:25:10Z,0,Loved the matpat reference!!
612,14,RamseyAlsh95,RamseyAlsh95,OjxljuS7wY0,2024-02-07T21:56:24Z,2024-02-07T21:56:24Z,0,DBrand Trolling linus is now a staple
613,51,TheNilstakkenkamp,TheNilstakkenkamp,OjxljuS7wY0,2024-02-07T01:03:05Z,2024-02-07T01:03:05Z,0,THATS JUST A THERORY A PHONE THEORY
614,13,Yuntao1,Yuntao1,OjxljuS7wY0,2024-02-07T22:04:42Z,2024-02-07T22:04:42Z,0,"Bought mine S24 Ultra in EU , but there is no 5G cutout on side like the S24 Ultra. What does that mean? Different 5G bands? EU is fake 5G? 🤔"
615,12,MaddJakd,MaddJakd,OjxljuS7wY0,2024-02-07T23:14:57Z,2024-02-07T23:18:35Z,0,I seem to remember another flagship coming out last year for the same price as this thing&#39;s entry... and it was &quot;too expensive!&quot;<br><br>Yet I can guarantee this thing at 512 and 1tb will get gobbled up like cocaine on a stripper 🙄
616,11,fatherof4kids,fatherof4kids,OjxljuS7wY0,2024-02-07T23:29:22Z,2024-02-07T23:29:22Z,0,I am so glad to see my favorite tech guy isn&#39;t an iPhone user. I gave up Apple years ago for many reasons.
617,9,5urg3x,5urg3x,OjxljuS7wY0,2024-02-07T23:49:23Z,2024-02-07T23:49:23Z,0,This phone is sick but the problem is Android...I wish there was a better more open OS that these higher end devices could run.
618,8,babloescobango5143,babloescobango5143,OjxljuS7wY0,2024-02-08T01:37:31Z,2024-02-08T01:37:31Z,0,The flat screen is what I&#39;ve been waiting for since the Note 5
619,7,masonbeck3766,masonbeck3766,OjxljuS7wY0,2024-02-08T02:05:37Z,2024-02-08T02:05:37Z,0,Is he finally switching from his  Note 9?
620,5,redmimic5532,redmimic5532,OjxljuS7wY0,2024-02-08T02:31:32Z,2024-02-08T02:31:32Z,0,GFY Linus...
621,4,estiennetaylor1260,estiennetaylor1260,OjxljuS7wY0,2024-02-08T02:45:41Z,2024-02-08T02:45:41Z,0,I&#39;m holding off my upgrade until Galaxy S25 Ultra next year.
622,2,mp7bdo,mp7bdo,OjxljuS7wY0,2024-02-08T05:29:37Z,2024-02-08T05:29:37Z,0,"Whats the reason for 12gb ram on a phone? Please educate me im clueless, just feel like my iphone always runs good whatever i do with it"
623,25,Turgineer,Turgineer,OjxljuS7wY0,2024-02-07T17:45:06Z,2024-02-07T17:45:06Z,0,"<a href=""https://www.youtube.com/watch?v=OjxljuS7wY0&amp;t=722"">12:02</a>  Scary Linus."
624,26,miguel-556--,miguel-556--,OjxljuS7wY0,2024-02-07T17:43:32Z,2024-02-07T17:44:35Z,0,Samsung definitely paid you for this video. The S24 it&#39;s not worth the price at all!  Colors and resolution are dull and nothing on settings fix it. It reminds me of the old school plasma televisions. Many techs online are saying there won&#39;t be an update to fix issue  so I would wait if you&#39;re thinking of buying an S24 ultra 👎👎
625,27,improga,improga,OjxljuS7wY0,2024-02-07T16:49:56Z,2024-02-07T16:49:56Z,0,Displays with curved edges are one of the worst thing that happened to some smart phones! So it looks like they are going away from it
626,28,uktech,uktech,OjxljuS7wY0,2024-02-07T16:07:24Z,2024-02-07T16:07:24Z,0,I am confused about the transfer speeds on the S24 Ultra. I tried transferring a 3GB and it took about 7 minutes. I tried transferring the same file using my laptop wireless and it transferred in under 30 seconds. Surely the S24 Ultra should be faster than that
627,1,venkatadri1299,venkatadri1299,OjxljuS7wY0,2024-02-08T06:23:46Z,2024-02-08T06:23:46Z,0,"I mean it&#39;s justified as an update if apple changed the glass and processor, it should be justified for Samsung 😂"
628,48,arthurmarcil6787,arthurmarcil6787,OjxljuS7wY0,2024-02-07T03:13:20Z,2024-02-07T03:23:39Z,0,Circle to search is iffy on my Pixel 8 Pro.<br>I did it with Linus&#39;s face from this video and it didn&#39;t work.<br>&quot;Results for people are limited. Try searching a larger area.&quot;<br><br>Then I did one with an image from Google Images and it worked.<br><br><br>Magic Editor can&#39;t edit parts of people. I tried making a cup I was holding giant but it denied my request.
629,47,STUBZx,STUBZx,OjxljuS7wY0,2024-02-07T03:24:30Z,2024-02-07T03:24:30Z,0,Circle to search came to my Pixel yesterday
630,46,Donnyd613,Donnyd613,OjxljuS7wY0,2024-02-07T03:24:47Z,2024-02-07T03:24:47Z,0,I finally copped it from note 10 plus. Humble. Big bad and boujee. Love it
631,45,SupraSav,SupraSav,OjxljuS7wY0,2024-02-07T04:19:18Z,2024-02-07T04:19:18Z,0,Being able to take pictures with the s pen is really cool and im not even a selfie person
632,44,norman1907,norman1907,OjxljuS7wY0,2024-02-07T04:29:59Z,2024-02-07T04:29:59Z,0,I just put a new screen and battery into my s21. I still never notice anything less than perfect operation. Never lags never stutters. The most future proof piece of tech I&#39;ve ever bought.
633,43,thecreativemastermin,thecreativemastermin,OjxljuS7wY0,2024-02-07T04:53:04Z,2024-02-07T04:53:04Z,0,Very not nerdy. Feels incomplete. There&#39;s so much you can use to demonstrate the phone but I guess he wasn&#39;t paid by Samsung. Neend se uth ke aaya hai lag raha hai...
634,42,deathofthemagi,deathofthemagi,OjxljuS7wY0,2024-02-07T04:55:34Z,2024-02-07T04:55:34Z,0,"Man I am so sick of having AI shoved down my throat everywhere i turn. Work wants us to do training on how to use it and make it part of our workflow, Windows is baking it into win 12 and now Samsung flagships (what i use) is going to force it on me. At least make it something i can opt into installing later on instead of forcing it on me"
635,41,yahyanaveed5948,yahyanaveed5948,OjxljuS7wY0,2024-02-07T05:21:09Z,2024-02-07T05:21:09Z,0,"Remember, it&#39;s still 1300$ for a new glass/display and lesser zoom/battery life. I don&#39;t think one should pay that much in 2024 for a good phone. Unlike PCs, this is bare minimum upgrade for same phone. <br><br>Price and cons aside, it&#39;s good to see Samsung finally dumping curves for good and turning toward a matured design (while not falling for iPhone&#39;s copy with completely flat frame). Hoping to see more rounded corners (border-radius) for S25U."
636,39,stepheningall431,stepheningall431,OjxljuS7wY0,2024-02-07T09:21:20Z,2024-02-07T09:21:20Z,0,Please don&#39;t sing😅
637,38,squalllfviii,squalllfviii,OjxljuS7wY0,2024-02-07T10:51:21Z,2024-02-07T10:51:21Z,0,I currently have the S22 Ultra. So glad I skipped the S23 Ultra. Can’t wait to get the S24 Ultra.
638,37,w0nd3rlu573r,w0nd3rlu573r,OjxljuS7wY0,2024-02-07T10:54:04Z,2024-02-07T10:54:04Z,0,Wow.
639,36,martinm9877,martinm9877,OjxljuS7wY0,2024-02-07T11:30:57Z,2024-02-07T11:30:57Z,0,Linus got paid by Samsung
640,34,olotocolo,olotocolo,OjxljuS7wY0,2024-02-07T12:45:09Z,2024-02-07T12:45:09Z,0,"That &quot;magic circle select&quot; is not exclusive feature of 24.... it&#39;s Pixel feature. On the apps screen you can tap select, select any image in any opened app and click &quot;googel lense&quot;. Samsung simply put that begind gesture, but it&#39;s absolutely there on Pixel. And on pixel it allows you to select text as well"
641,33,Thundercloud1969,Thundercloud1969,OjxljuS7wY0,2024-02-07T13:00:51Z,2024-02-07T13:00:51Z,0,The glass is not that tough as they are saying :)
642,32,omarmainuddin7251,omarmainuddin7251,OjxljuS7wY0,2024-02-07T13:16:05Z,2024-02-07T13:16:05Z,0,"Animating Linus&#39;s face at around <a href=""https://www.youtube.com/watch?v=OjxljuS7wY0&amp;t=322"">5:22</a> like Terrence and Phillip was a missed opportunity!"
643,31,garrettkajmowicz,garrettkajmowicz,OjxljuS7wY0,2024-02-07T13:58:17Z,2024-02-07T13:58:17Z,0,SDCard support? Headphone jack? No?
644,30,TheStevenWhiting,TheStevenWhiting,OjxljuS7wY0,2024-02-07T14:21:19Z,2024-02-07T14:21:19Z,0,"<a href=""https://www.youtube.com/watch?v=OjxljuS7wY0&amp;t=378"">6:18</a> How accurate is this? We all know how your tested was flawed for ages and nothing was ever done about it. Lots of trust has been lost."
645,29,Ctanleypickles,Ctanleypickles,OjxljuS7wY0,2024-02-07T15:57:34Z,2024-02-07T15:57:34Z,0,Samsung still has to fix the always on display and Facebook chat bubble issue on the s24
646,99,crizwiz489,crizwiz489,OjxljuS7wY0,2024-02-06T08:31:44Z,2024-02-06T08:31:44Z,0,Why do you have sponsor written on your arm
647,0,Thetechchap,Thetechchap,3F7DHCtLcJ8,2024-01-21T12:44:46Z,2024-01-24T17:49:42Z,201,"Hey Chaps! Are you tempted to upgrade?<br><br>CORRECTION 1: Sony Xperia offered 4k120 first<br>CORRECTION 2: I missed that I had scene optimizer on for the S23. I re-tested today, the S24 is still noticeably faster. <br><br>Deals: S24U BestBuy: <a href=""https://howl.me/cluqqDZs1yQ"">https://howl.me/cluqqDZs1yQ</a> (Up to $150 e-Gift Card Available)"
648,73,PatilSandeepR,PatilSandeepR,3F7DHCtLcJ8,2024-01-25T21:31:59Z,2024-01-25T21:31:59Z,1,Temperature increase in °C<br>S23 Ultra: 23 to 40 :      17 °C <br>S24 Ultra: 19 to 43:       24 °C<br><br>SD Gen 3 seems to be having serious heating issue. Please highlight this.
649,89,hoyeachimp2678,hoyeachimp2678,3F7DHCtLcJ8,2024-01-24T23:27:26Z,2024-01-24T23:27:26Z,1,I&#39;m watching this on my 1tb titanium blue 24 ultra 😊
650,85,alexredhair,alexredhair,3F7DHCtLcJ8,2024-01-25T03:03:02Z,2024-01-25T03:03:02Z,1,"Mine just arrived today after reverting back to slabs from the z fold series. And im happier to have a great camera once again. Can&#39;t see much different to my friends s23 ultra, some AI features will see how much I use those. But so happy to say goodbye to my zfold and it&#39;s screen protector nightmare for a phone which feels premium and durable."
651,81,tomburgin,tomburgin,3F7DHCtLcJ8,2024-01-25T05:09:30Z,2024-01-25T05:09:30Z,1,"My S24U arrives today. A lot seems to be made of the RRP but I&#39;ve never seen Samsung sell anything at RRP. We got two S24U for £1650 total after trading in two old phones and applying all the discounts. For that money, for a 7 year phone, it&#39;s a no brainer."
652,99,orlandomuziq2446,orlandomuziq2446,3F7DHCtLcJ8,2024-01-24T14:02:18Z,2024-01-24T14:02:18Z,1,S24U was made for those who are using still Samsung phones 5 years and older. This will be a huge Upgrade ❤
653,6,EddieMadMax,EddieMadMax,3F7DHCtLcJ8,2024-02-05T12:59:37Z,2024-02-05T12:59:37Z,0,I am looking to upgrade my s21 ultra exynos edition is it worth upgrading to the s23 ultra or the s24 ultra but not really concerned about the ai  features?
654,65,Arkthus,Arkthus,3F7DHCtLcJ8,2024-01-26T10:43:34Z,2024-01-26T10:43:34Z,0,"why is no one on youtube talking about the terribly dull colors of the screen and the lack of any difference between vivid and natural mode? It&#39;s an issue that many people have on their brand new Galaxy S24 Ultra, and not a single reviewer mentions it."
655,74,planetarygodzilla,planetarygodzilla,3F7DHCtLcJ8,2024-01-25T20:51:10Z,2024-01-25T20:51:10Z,0,One can only love the London vibes.
656,5,papagen00,papagen00,3F7DHCtLcJ8,2024-02-06T09:18:02Z,2024-02-06T09:18:02Z,0,I&#39;ll wait for S26 with 1 inch camera sensor.
657,72,derekroberts5931,derekroberts5931,3F7DHCtLcJ8,2024-01-25T21:42:03Z,2024-01-25T21:42:03Z,0,Will stabilization on the S24u come to the S23U? Same with A.I? Seems to me the major differences.
658,71,reallypantik6283,reallypantik6283,3F7DHCtLcJ8,2024-01-25T23:57:20Z,2024-01-25T23:57:20Z,0,I like that 4k 60fps looking like 720p background :D
659,70,JesusLovesTheLost,JesusLovesTheLost,3F7DHCtLcJ8,2024-01-25T23:59:10Z,2024-01-25T23:59:10Z,0,That woman on the train looked pissed you were recording her. 😂
660,69,sheLoVic,sheLoVic,3F7DHCtLcJ8,2024-01-26T00:04:54Z,2024-01-26T00:04:54Z,0,"As a fans of note series. I find the pen is very usefull for a detailed editing and drawing. My first smart phone is samsung note 3, and i upgraded to note 8 and then note 20 ultra. I was about to buy s23ultra november last year, because note20ultra camera wasn&#39;t that great for low light and videos. But decide to wait for s24ultra. <br><br>Just placed my pre order for samsung galaxy s24 ultra 1TB. And i can&#39;t wait to get a better videos with it!"
661,68,joshua182gurkd,joshua182gurkd,3F7DHCtLcJ8,2024-01-26T00:45:19Z,2024-01-26T00:45:19Z,0,The comments here sound and feel like ads
662,67,klompjes002,klompjes002,3F7DHCtLcJ8,2024-01-26T03:52:15Z,2024-01-26T03:52:15Z,0,24 much better.
663,66,benjaminkaric2874,benjaminkaric2874,3F7DHCtLcJ8,2024-01-26T06:12:31Z,2024-01-26T06:12:31Z,0,"I ordered the 24u in violet 1tb. Itll arrive on sunday, the last samsung i had dissapointed ,lets see how the 24 will hold up."
664,64,donthomas8378,donthomas8378,3F7DHCtLcJ8,2024-01-26T14:32:59Z,2024-01-26T14:32:59Z,0,"@thetechchap I really appreciate the courage to take two phones outside in London , I am afraid because of the phone thieves 😅"
665,76,RomainG6409,RomainG6409,3F7DHCtLcJ8,2024-01-25T14:33:37Z,2024-01-25T14:33:37Z,0,"nope , not convinced ... will stick a couple of years more with my iPhone 13 Pro Max (that is not my preferred camera, but I had to change ... and did regret it a lot instantly when I got it) ... my Huawei P30 Pro, that so far is unbeatable on the picture quality even today, and the Samsung Z FLip 5 that for me is the best camera ever on the practical side (can I say that ?) . I don&#39;t really care about the AI features as I can do the editing on my computer ... I was expecting more from the S24, so I am quite disappointed and unfortunately there are not much competitors on the market ... the Pixel 8 Pro has a terrible selfie camera (a shame), the iPhone 15 is not different enough from the iPhone 13 and the other brands do not provide photo/video quality I am searching for ... and the prices are getting mad ... 1,5k euros min for a smartphone ? where are we going ? My hope is that the future Z Flip or equivalent (not Z Fold , I don&#39;t want a ridiculous tiny tablet with average camera quality for 2k euros ... it&#39;s crazy) will have better camera modules and battery (although the one from the Z Flip 5 is not so bad) ... we&#39;ll see. 🙂"
666,63,nathansebati490,nathansebati490,3F7DHCtLcJ8,2024-01-26T16:36:50Z,2024-01-26T16:36:50Z,0,The tech Chap is so Underrated
667,62,themattelmore01,themattelmore01,3F7DHCtLcJ8,2024-01-26T19:11:33Z,2024-01-26T19:11:33Z,0,"Gonna miss my Note 20 Ultra a lot. After two screens, back glass, and a charging port, it&#39;s time to go. But super excited for my Violet 24 Ultra on its way!"
668,61,rodolfofarinas8873,rodolfofarinas8873,3F7DHCtLcJ8,2024-01-26T20:33:42Z,2024-01-26T20:33:42Z,0,"I just received my S24 Ultra today, and on top of the washed out colors, the contrast is horrible. In the color palette if you choose the basic colors and then the green over teal, when you apply that palette and go to the previous screen, the colors become indistinguishable from each other, while on my S23 Ultra, the colors are vivid, vibrantly saturated, and perfectly defined. If this is just a software issue, I&#39;ll wait a few days to see if Samsung acknowledges the problem and fix it via software update, but if they don&#39;t, I will be returning this phone and will keep my S23 Ultra which has no color issues at all."
669,60,solmyr2,solmyr2,3F7DHCtLcJ8,2024-01-26T21:17:09Z,2024-01-26T21:17:09Z,0,S23 screen look better has better color abd has a greater abgle of view . Not a huge fan of the 24 anti reflection screen
670,59,GameCast222,GameCast222,3F7DHCtLcJ8,2024-01-26T21:30:04Z,2024-01-26T21:30:23Z,0,i will want to switch to Samsung but i don&#39;t know what will happen when i switch form ios
671,58,MarkDeu,MarkDeu,3F7DHCtLcJ8,2024-01-26T22:06:47Z,2024-01-26T22:06:47Z,0,Do you have also graphic issues in the samsung weather app? Especially when it shows the weather in the night and you look closely while scrolling the display shows kind of squares. Do you have the same thing? I think it&#39;s a software problem. And how about the power button is it tight at your device or does it have play and shakes a bit by touching? Thank you very much. Greetings Mark
672,57,georgewashington3012,georgewashington3012,3F7DHCtLcJ8,2024-01-27T01:46:20Z,2024-01-27T01:46:20Z,0,Weak AI. People want something like a conversational AI with command flexibility and context.
673,56,dreamEnd,dreamEnd,3F7DHCtLcJ8,2024-01-27T07:54:51Z,2024-01-27T07:54:51Z,0,"This looks insane. I was planning on getting ROG 8 Pro because I really like the design and the animated LED on the back, but I don&#39;t think the price is justified when you can get pretty much get another flagship with similar specs, way better camera, and AI features. <br>Unless ROG 8 drop it&#39;s price, I&#39;ll just buy this for my next phone."
674,55,RennieAsh,RennieAsh,3F7DHCtLcJ8,2024-01-27T12:36:16Z,2024-01-27T12:36:16Z,0,"It does seem smooth, especially during video zoom transition, finally.<br>I&#39;m hoping with any of these phones that you can reduce the processing and get more natural images, or at least get proper raw files"
675,75,mickeylickey123,mickeylickey123,3F7DHCtLcJ8,2024-01-25T16:57:48Z,2024-01-25T16:57:48Z,0,Pre-ordered. I have a note 20 ultra now so it&#39;ll be a good upgrade for me
676,77,Giovanni1a,Giovanni1a,3F7DHCtLcJ8,2024-01-25T12:59:43Z,2024-01-25T12:59:43Z,0,I think (just guessing) you cannot search people as this would impact privacy. You make a picture of someone you don&#39;t know and than you can search for him/her on Internet only based on a picture. For me that does not sound very tempting.
677,7,isaiah1993,isaiah1993,3F7DHCtLcJ8,2024-02-04T12:41:01Z,2024-02-04T12:41:01Z,0,"@THETECHCHAP I ENJOY YOUR VIDEOS,, WHY NOT GIFT ME WITH THE OLD S23 ULTRA 😅"
678,2,mdc3227,mdc3227,3F7DHCtLcJ8,2024-02-07T08:32:36Z,2024-02-07T08:32:36Z,0,"I wish they would ditch the S Pen and use the available space for features people actually use. I appreciate the bigger battery, the better camera on the Ultra series but I can count on one hand the times ive used the pen."
679,98,TechHobbyGear,TechHobbyGear,3F7DHCtLcJ8,2024-01-24T14:06:00Z,2024-01-24T14:06:00Z,0,Best comparison video compare to others ......
680,97,Michael-vx5qh,Michael-vx5qh,3F7DHCtLcJ8,2024-01-24T18:04:19Z,2024-01-24T18:04:55Z,0,"After 2 years with the s22 ultra and the deals Samsung offered, it&#39;s an easy upgrade."
681,96,kodyfricke5244,kodyfricke5244,3F7DHCtLcJ8,2024-01-24T19:12:36Z,2024-01-24T19:12:36Z,0,Going from my 21 ultra to the 24 ultra pretty excited 😊
682,95,Sassybella,Sassybella,3F7DHCtLcJ8,2024-01-24T19:33:42Z,2024-01-24T19:33:42Z,0,"I have the S10 which is still in great condition besides the battery draining terribly. Camera feels like its degraded over time even though no scratches on the lens. But I&#39;m tempted by the S24 Ultra, even though the trade in I get is a measely AUD$100... hopefully with the 7 year thing, I wont have to upgrade for another 5 years.<br><br>Debating whether &quot;its time&quot; or I can wait another year OR just get the S24 or S24+ 😂😂 Basically comes down to how fancy a camera I want really. Ah decisions 😵‍💫"
683,94,Drewsterman777,Drewsterman777,3F7DHCtLcJ8,2024-01-24T19:44:36Z,2024-01-24T19:44:36Z,0,I currently have a Fold 4 and I&#39;d love to switch for the S24 Ultra. The screen of the Fold 4 is the only thing that&#39;s nice about it. The cameras aren&#39;t that good and battery life is unimpressive. Just need to pay this thing off and I&#39;ll be getting the S24 Ultra or whatever is the new hottness.
684,93,koolyokam007,koolyokam007,3F7DHCtLcJ8,2024-01-24T19:57:35Z,2024-01-24T19:57:35Z,0,Yes! The AI is coming to the S23! I just bought in December 😂
685,92,danielciosek,danielciosek,3F7DHCtLcJ8,2024-01-24T21:47:40Z,2024-01-24T21:47:40Z,0,Waiting for my s24 Ultra 1TB 😊 Can&#39;t wait to test video/photo quality and new AI features...<br>Great review 👏
686,91,Equatis,Equatis,3F7DHCtLcJ8,2024-01-24T22:13:41Z,2024-01-24T22:13:41Z,0,Been waiting to try a new ultra series because I hate curved screens. Pre-ordered mine last night.
687,90,chaser107,chaser107,3F7DHCtLcJ8,2024-01-24T22:37:58Z,2024-01-24T22:37:58Z,0,Why isn&#39;t anyone testing the 960fps slo-mo and super slo-mo..?
688,88,jonhill8326,jonhill8326,3F7DHCtLcJ8,2024-01-25T00:48:17Z,2024-01-25T00:48:17Z,0,Not worth the upgrade
689,78,mrm4362,mrm4362,3F7DHCtLcJ8,2024-01-25T12:13:13Z,2024-01-25T12:13:13Z,0,glass is glass and glass breaks
690,87,The_Butcher_of_Blaviken,The_Butcher_of_Blaviken,3F7DHCtLcJ8,2024-01-25T01:29:44Z,2024-01-25T01:29:44Z,0,The ai slow motion was really bad. So many artifacts on the metro screen.
691,86,danielberma,danielberma,3F7DHCtLcJ8,2024-01-25T02:34:44Z,2024-01-25T02:34:44Z,0,"Coming from the S21, this sounds like a very good upgrade and if it lasts as long as my current phone it can hardly be called expensive either!"
692,3,russodidit,russodidit,3F7DHCtLcJ8,2024-02-07T04:07:25Z,2024-02-07T04:07:25Z,0,"Upgrading from the S9+ that I received as a free upgrade from Affirm when my S8+ broke. I havent had a brand new phone since the S8+!! I love this S24 Ultra but the screen is incredibly dull even compared to the S9+. Also, mine is through ATT so I havent experienced the green and white lines but yeah solid phone."
693,84,dvsjnthn21,dvsjnthn21,3F7DHCtLcJ8,2024-01-25T03:11:57Z,2024-01-25T03:11:57Z,0,The colors on the s23 surprisingly looks better even on the selfie view the video looks more vibrant the 24 looks dull 😑
694,83,ralfsautomotive,ralfsautomotive,3F7DHCtLcJ8,2024-01-25T03:56:20Z,2024-01-25T03:56:20Z,0,Nobody is talking about the speakers??? S22Ultra was louder than my S23Ultra and the touch after the last update is horrendous especially turning on (you guessed it) speaker phone.  Seems like it takes a couple of seconds now so I find myself turning it on and right back off.
695,82,alex9483,alex9483,3F7DHCtLcJ8,2024-01-25T04:02:55Z,2024-01-25T04:02:55Z,0,"Throughout the video, I can see an on screen &quot;tab&quot; on your s24 ultra, right next to the volume button. Is this an edge panel tab? I hope so because that was an awesome feature on the galaxy phones. I was under the impression that the edge panels went away with the curved screen."
696,4,SimonCrowther1,SimonCrowther1,3F7DHCtLcJ8,2024-02-06T14:29:10Z,2024-02-06T14:29:10Z,0,"Any thoughts on Vivid mode not working? Settings--&gt;Display--&gt;Screen Mode--&gt;Vivid isn&#39;t doing anything. It&#39;s just Natural (even when vivid is selected), and most people switch from Natural when they get their Samsung phone."
697,80,user-hc9ht6ge6v,user-hc9ht6ge6v,3F7DHCtLcJ8,2024-01-25T09:53:09Z,2024-01-25T09:53:09Z,0,Where going to test the scratch ability because I&#39;ve had phones with the latest glass tech and the all have scratches.
698,79,itsdtxjd,itsdtxjd,3F7DHCtLcJ8,2024-01-25T10:50:03Z,2024-01-25T10:50:03Z,0,It’s getting closer to the quality and snappiness of the iPhone.
699,54,TJIsVlogging,TJIsVlogging,3F7DHCtLcJ8,2024-01-27T12:54:00Z,2024-01-27T12:54:00Z,0,You can make screen brighter if you turn off adaptive brightness
700,53,maz3808,maz3808,3F7DHCtLcJ8,2024-01-27T13:15:28Z,2024-01-27T13:15:28Z,0,"I need a S24,S23 and S22 ultras camera comparison?"
701,52,meng338,meng338,3F7DHCtLcJ8,2024-01-27T13:24:44Z,2024-01-27T13:24:44Z,0,Does this phone have a similar function to the pixel best take to fix smiles/faces?
702,18,sw_breeze,sw_breeze,3F7DHCtLcJ8,2024-02-01T07:03:21Z,2024-02-01T07:03:21Z,0,display. 👍
703,27,loliclac327,loliclac327,3F7DHCtLcJ8,2024-01-30T06:40:23Z,2024-01-30T06:40:23Z,0,"Other than the better and upgraded camera, I don&#39;t see any reason for upgrading from my Note 10+. On the contrary, I will lose my reliable micro SD card slot with this phone. Note 10+ is still fast and still takes great photos."
704,26,ianlomax6717,ianlomax6717,3F7DHCtLcJ8,2024-01-30T10:43:20Z,2024-01-30T10:43:20Z,0,"Excellent video. I have an S22ultra ultra, and I will definitely be upgrading to the s24 ultra. Thanks for all the information 😊"
705,25,alishavillard689,alishavillard689,3F7DHCtLcJ8,2024-01-30T13:37:25Z,2024-01-30T13:37:25Z,0,Excellent review!
706,24,troydavis4064,troydavis4064,3F7DHCtLcJ8,2024-01-30T22:35:32Z,2024-01-30T22:35:32Z,0,I feel these phones not worth a upgrade it&#39;s no big big difference that will make me wanna jump
707,23,goldeneyeforevercom,goldeneyeforevercom,3F7DHCtLcJ8,2024-01-31T05:26:11Z,2024-01-31T05:26:11Z,0,"The upgrades are a JOKE. Wow, better bezel. Wow, new glass. Wow, new metal. Everyone screen protects. Everyone cases it. AI is software not hardware. Cameras same. Battery same. It&#39;s not a reason for an upgrade. I&#39;m talking not worthy of the 24 designation. Oh, right. It&#39;s faster. Isn&#39;t that exciting? If there wasn&#39;t a new CPU, then? Right. Nothing. Same phone as far as I&#39;m concerned. AI features that at some point will be a monthly fee. Which are absolutely a gimmick. Oh. Neat. I can edit and manipulate a photo. I just love spending hours doing that."
708,22,JalalAsif-ep9ni,JalalAsif-ep9ni,3F7DHCtLcJ8,2024-01-31T07:28:13Z,2024-01-31T07:28:13Z,0,Might be finally time to switch to Android.
709,21,momamm1,momamm1,3F7DHCtLcJ8,2024-01-31T14:16:17Z,2024-01-31T14:16:17Z,0,Why none of you are talking about the navigation bar
710,20,kdivanov,kdivanov,3F7DHCtLcJ8,2024-01-31T14:46:01Z,2024-01-31T14:46:01Z,0,"None talk about that Samsung said that the AI features will be free till the end of 2025, than what happens?"
711,19,adaml.5355,adaml.5355,3F7DHCtLcJ8,2024-01-31T16:52:22Z,2024-01-31T16:52:22Z,0,How does Samsung manage to make their camera better and worse at the same time? Some of these shots are just plain bad!
712,17,godhead331,godhead331,3F7DHCtLcJ8,2024-02-01T08:55:34Z,2024-02-01T09:16:07Z,0,I wonder why you didnt bring up the fact that the s24 post processes all photos taken and makes them look horrific? Ive tried everything and cant stop it from brightening and over saturating  also massive over sharpening with automatic post processing.? are you not experiencing this. There is countless forms with people very upset. It literally  destroys photos with over saturation and sharpening after they are taken? again did you experience this?
713,51,Kanguristan,Kanguristan,3F7DHCtLcJ8,2024-01-27T14:28:33Z,2024-01-27T14:28:33Z,0,They give you free .Of course you should make commercial
714,16,Lt.Shineysides89,Lt.Shineysides89,3F7DHCtLcJ8,2024-02-01T13:56:07Z,2024-02-01T13:56:30Z,0,Not really big on the AI features but i have tried moving and removing objects from photos and even though i won&#39;t use it much i do really like being able to go to a video in my gallery and watch it in slow motion no messing around with extra apps etc just long press and it&#39;s slow motion. The s24+ has some things i&#39;m not really happy with that i HOPE are fixed with software updates but outwith that it&#39;s an impressive phone even if it does have an exynos chip. I did want the ultra but this size feels so much more comfortable to use.
715,15,chrisallen191,chrisallen191,3F7DHCtLcJ8,2024-02-01T20:47:28Z,2024-02-01T20:47:28Z,0,do you think 1tb would be overkill on the s24 ultra as im sure the videos etc would use the storage up quicklet and apps etc ?
716,14,twistfire74,twistfire74,3F7DHCtLcJ8,2024-02-02T06:16:49Z,2024-02-02T06:16:49Z,0,"I got the violet color 23 Ultra, best phone on the planet."
717,13,asov4151,asov4151,3F7DHCtLcJ8,2024-02-02T12:32:36Z,2024-02-02T12:32:36Z,0,Basically an extended camera review
718,12,JasonBedient,JasonBedient,3F7DHCtLcJ8,2024-02-02T17:28:42Z,2024-02-02T17:28:42Z,0,How useful is the S pen feature? Do people really use that and if so what do they use it for? I&#39;m looking to get either a OnePlus 12 or the Galaxy ultra 24. Thanks
719,11,baladi921,baladi921,3F7DHCtLcJ8,2024-02-03T05:58:21Z,2024-02-03T05:58:21Z,0,I got the plus today and I absolutely LOVE it
720,10,YoutubeWatcher731,YoutubeWatcher731,3F7DHCtLcJ8,2024-02-03T20:08:22Z,2024-02-03T20:08:22Z,0,Took them a long while to remove the thicker bottom bezel. Weird.
721,9,PeterArnold1969,PeterArnold1969,3F7DHCtLcJ8,2024-02-04T03:29:42Z,2024-02-04T03:29:42Z,0,"@ <a href=""https://www.youtube.com/watch?v=3F7DHCtLcJ8&amp;t=435"">7:15</a> Did I hear a marked increase in the background sounds in the 3x video?"
722,8,jaykingsun7093,jaykingsun7093,3F7DHCtLcJ8,2024-02-04T06:15:39Z,2024-02-04T06:15:39Z,0,"Just pre ordered the phone today, and it comes with the pre order deal of an S9 fe tablet. I&#39;ll sell my note 20 ultra when the S24 ultra arrives. I swore I&#39;d never buy another Samsung phone if they keep using the Exynos chip. <br>This is the first S model to ship worldwide with a snapdragon (as far as I know) <br>Looking forward to it."
723,28,roshunepp,roshunepp,3F7DHCtLcJ8,2024-01-30T04:32:30Z,2024-01-30T04:32:30Z,0,You consider night time in the city as low light?
724,29,Anthony-dj4nd,Anthony-dj4nd,3F7DHCtLcJ8,2024-01-30T00:28:48Z,2024-01-30T00:28:48Z,0,Meh. I&#39;ll stick with my broken screen phone😊😅
725,30,supremest1,supremest1,3F7DHCtLcJ8,2024-01-30T00:17:46Z,2024-01-30T00:17:46Z,0,No battery section...
726,31,rogerhuston8287,rogerhuston8287,3F7DHCtLcJ8,2024-01-30T00:13:49Z,2024-01-30T00:13:49Z,0,I don&#39;t like this comparison. Not sure there are to many S23 users looking to upgrade. More likely it is S22 or S21 customers looking to upgrade.
727,1,joeguitarist93,joeguitarist93,3F7DHCtLcJ8,2024-02-07T16:05:51Z,2024-02-07T16:05:51Z,0,Had mine for a week to i love it ❤
728,49,qba4455,qba4455,3F7DHCtLcJ8,2024-01-28T02:25:13Z,2024-01-28T02:25:13Z,0,"For once, I don&#39;t care for the new Ultra phone by Samsung. This is a slight improvement, somewhere in a region of 4% better here and there. It&#39;s absolutely not worth an upgrade from already and still mighty S23U. Samsung needs to try harder next time."
729,48,frondwestfall,frondwestfall,3F7DHCtLcJ8,2024-01-28T04:44:53Z,2024-01-28T04:44:53Z,0,didnt know jack lowden did phone reviews
730,47,rally_chronicles,rally_chronicles,3F7DHCtLcJ8,2024-01-28T04:44:57Z,2024-01-28T04:44:57Z,0,"<a href=""https://www.youtube.com/watch?v=3F7DHCtLcJ8&amp;t=230"">3:50</a> you can tell the diff in selfie"
731,46,damnbrosky,damnbrosky,3F7DHCtLcJ8,2024-01-28T09:07:47Z,2024-01-28T09:07:47Z,0,"I change my phone every year , for last 7 generations it was always Note phone no matter if they call it last 4 years galaxy ultra , for me it is always Note! Before that I was big fan of HTC flagships. And I want to say that this year after many years finally I can fill big difference between new and last year phone, s24 ultra is real deal Note phone, best evolution in this series ever!"
732,45,muckspreader1able,muckspreader1able,3F7DHCtLcJ8,2024-01-28T19:59:17Z,2024-01-28T19:59:17Z,0,I noticed my colours on my s24 ultra is no where as good as my s22 ultra or my pixel 8 pro.I a;so prefer the camera on the pixel 8 pro.
733,44,srkis13,srkis13,3F7DHCtLcJ8,2024-01-28T21:29:38Z,2024-01-28T21:29:38Z,0,"I&#39;m coming from samsung note 3, is this a big difference compared to samsung S24 ultra ?"
734,43,BharatiyaaView,BharatiyaaView,3F7DHCtLcJ8,2024-01-28T21:47:34Z,2024-01-28T21:47:34Z,0,"<a href=""https://www.youtube.com/watch?v=3F7DHCtLcJ8&amp;t=65"">1:05</a> - Anti-Reflective screen is literally underrated fantastic &amp; brilliant implementation.<br>But when Apple will implement this same thing, they&#39;ll create huge hype &amp; will give fancy name."
735,42,joes3461,joes3461,3F7DHCtLcJ8,2024-01-28T21:57:18Z,2024-01-28T21:57:18Z,0,Yep! Have the tracking for the 512GB Ti yellow and going from a Note 9 to this (S24 ultra) as it&#39;s finally time to upgrade. My note is the 512GB and has a 1TB card in it. I wanted the 1TB version but too pricy. Bring back the micro SD card slot please Samsung!
736,41,jessicas4295,jessicas4295,3F7DHCtLcJ8,2024-01-28T21:58:19Z,2024-01-28T21:58:19Z,0,That&#39;s for the comparison. I have been trying to figure out if I should trad my s23 ultra or not
737,40,jafaralam4380,jafaralam4380,3F7DHCtLcJ8,2024-01-29T00:42:41Z,2024-01-29T00:42:41Z,0,S23 Ultra much better than S24 Ultra. Do camera test and screen.
738,39,AlbertDongler,AlbertDongler,3F7DHCtLcJ8,2024-01-29T01:44:15Z,2024-01-29T01:44:15Z,0,Are the phones new photo editing features calculated in the &quot;cloud&quot;? Like the google pixel series - or on the phone?
739,38,HumbertoCristobal,HumbertoCristobal,3F7DHCtLcJ8,2024-01-29T05:11:56Z,2024-01-29T05:11:56Z,0,"I feel people review the same things not bashing your review it was great. I’d just like to see real life review like Instagram browsing uploading, sharing photos and videos to other phones, YouTube playback compared to others as well as apps how polished they are on Samsung compared to the iPhone etc…"
740,37,jumomediacorp,jumomediacorp,3F7DHCtLcJ8,2024-01-29T06:01:32Z,2024-01-29T06:01:32Z,0,i still use galaxy note 10. i don&#39;t play games so i don&#39;t need to upgrade but now i really want to upgrade because of that ai.
741,36,keval_yt,keval_yt,3F7DHCtLcJ8,2024-01-29T12:26:38Z,2024-01-29T12:26:48Z,0,A good review but you didn&#39;t mention anythings about the battery. I&#39;m using my phone from 5 days and I&#39;m only getting 5-6 hrs SOT. I think its way to less
742,35,iseptimus,iseptimus,3F7DHCtLcJ8,2024-01-29T13:06:58Z,2024-01-29T13:09:11Z,0,The AI slow mo is so juddery.  Not a fan so far.  Got the 512GB version for 1049 without trade in.  Giving it a week to see if worth having it as a second phone.
743,34,CoughTech,CoughTech,3F7DHCtLcJ8,2024-01-29T17:47:36Z,2024-01-29T17:47:36Z,0,It costs $2000 in my country .-.
744,33,sobhanfatemi8815,sobhanfatemi8815,3F7DHCtLcJ8,2024-01-29T20:52:12Z,2024-01-29T20:52:12Z,0,I think I saw you around Big Ben last week! You seemed so busy too:))
745,32,1rehamc,1rehamc,3F7DHCtLcJ8,2024-01-29T22:05:11Z,2024-01-29T22:05:11Z,0,"You forgot to mention that most, if not all of these amazing AI features are only FREE until next year. Then, which ever features you wish to retain, you will be charged appropriately for."
746,50,bal7ha2ar,bal7ha2ar,3F7DHCtLcJ8,2024-01-27T22:41:43Z,2024-01-27T22:41:43Z,0,if i had the money i would 100% get one
747,23,johnwilson7680,johnwilson7680,3_zjIf735AE,2024-01-27T03:16:13Z,2024-01-27T03:16:13Z,3,I normally dislike purple/violet but think the Titanium Violet looks pretty great with the contrasting titanium sides. It looks a bit like midnight blue to me.
748,64,susanschoppelrey8922,susanschoppelrey8922,3_zjIf735AE,2024-01-23T14:31:11Z,2024-01-23T14:31:11Z,2,Thanks for the thorough review! I&#39;m upgrading from an S22 Ultra so I think it&#39;s going to rock!
749,0,stephendevore9926,stephendevore9926,3_zjIf735AE,2024-02-07T20:13:02Z,2024-02-07T20:13:02Z,1,"In the fine print AI is free until 2025. If you have money to burn. Or if you&#39;re professional camera user the cost is baked <a href=""http://in.samsung/"">in.Samsung</a> to my knowledge promotion of A I features did not mention the extra cost in <a href=""http://2025.so/"">2025.So</a> you&#39;re paying extra for another subscription 🙄 as I understand Good Video 😎"
750,53,ljrouse5,ljrouse5,3_zjIf735AE,2024-01-23T22:11:23Z,2024-01-23T22:11:23Z,1,It pisses me off how iPhones camera is still better. $1300 phone that still oversaturates every photo
751,60,03cobraRich,03cobraRich,3_zjIf735AE,2024-01-23T17:17:45Z,2024-01-23T17:17:45Z,1,Which is best ? put on Dome glass screen protector  right out of the box to keep dust bubbles down then set up fingerprint scan or set up fingerprint scan first then put on screen protector
752,68,elmoaf,elmoaf,3_zjIf735AE,2024-01-23T09:43:20Z,2024-01-23T09:43:50Z,1,"People  are funny when they say 200mp is a gimmick.... what if I take a wide phot but want to zoom in on a bird, your apple 30mp will look blurry as hell"
753,32,martinvillanueva2071,martinvillanueva2071,3_zjIf735AE,2024-01-26T00:23:46Z,2024-01-26T00:23:46Z,1,Does Samsung have iMessage yet lol or beeper mini still works ?
754,31,KingMK31,KingMK31,3_zjIf735AE,2024-01-26T02:28:33Z,2024-01-26T02:28:33Z,1,I have no regrets upgrading from my 500 gb S23 U to my new 1TB S24 U!
755,30,Kakashi-hm4bq,Kakashi-hm4bq,3_zjIf735AE,2024-01-26T04:20:48Z,2024-01-26T04:20:48Z,1,"thanks, the only concern is teh reliability of battery after 18 mths. Samsung has this bad reputation"
756,29,ThaTexan,ThaTexan,3_zjIf735AE,2024-01-26T07:29:09Z,2024-01-26T07:29:09Z,1,You say the exact same thing on every single video 👎 👎 👎 👎
757,28,PVivekmca,PVivekmca,3_zjIf735AE,2024-01-26T10:10:14Z,2024-01-26T10:10:14Z,1,nah curve display is good its  downgrade from flagship experience .
758,26,simaknaveedakther8755,simaknaveedakther8755,3_zjIf735AE,2024-01-26T18:54:36Z,2024-01-26T18:54:36Z,1,Beautiful phone i absolutely love the new s24 ultra the ai features are really convenient i really like the titanium design much better than the iphone 15 pro max the cameras are the real deal the ai on the camera on this phone is not the best but i gets the job done hopefully ill buy one
759,77,user-km6qg2nz8z,user-km6qg2nz8z,3_zjIf735AE,2024-01-22T20:29:02Z,2024-01-22T20:29:02Z,1,Breaking news Apple Ai will be 2050  an 12 gigabytes of ram 200 megapixel
760,24,johnwilson7680,johnwilson7680,3_zjIf735AE,2024-01-27T03:12:38Z,2024-01-27T03:12:38Z,1,The photos looked better on the S23 ULTRA to my eye.
761,27,janviiic,janviiic,3_zjIf735AE,2024-01-26T13:36:30Z,2024-01-26T13:36:30Z,1,Is it a snapdragon 8 gen 3 processor worldwide? No more exynos variant?
762,94,Pacogmc,Pacogmc,3_zjIf735AE,2024-01-22T14:13:18Z,2024-01-22T14:13:18Z,1,I have s22 ultra and the s24 ultra and I still prefer the curved screen 😢
763,95,abishekd.k4022,abishekd.k4022,3_zjIf735AE,2024-01-22T13:23:22Z,2024-01-22T13:23:22Z,1,I&#39;m gonna wait for s25 while I hold one to my s10e I know it&#39;s old but it&#39;s still super snappy trust me I have an iPhone 12 but I prefer the s10e it feels so good in hands also it has headphone jack but no 5G
764,85,tadeuszlufik,tadeuszlufik,3_zjIf735AE,2024-01-22T17:59:16Z,2024-01-22T17:59:16Z,0,"I can upgrade for no charge from S23 Ultra to the 24. Still not sure if I should? AI aside, what am I really getting? Brighter screen, flat screen and questionable camera &#39;upgrades&#39;"
765,73,kyranoregan6865,kyranoregan6865,3_zjIf735AE,2024-01-22T23:42:16Z,2024-01-22T23:42:16Z,0,"I&#39;d been planning on switching from my Z Fold 4 to the 15 Pro Max but ended up pre ordering the s24 Ultra when I saw how good the pre order deal was... 15% student discount, free galaxy watch 6, €725 trade in for Z fold 4 512gb..."
766,71,user-cj4cc7dn6u,user-cj4cc7dn6u,3_zjIf735AE,2024-01-23T01:45:40Z,2024-01-23T01:45:40Z,0,"This Galaxy 24 Ultra is just amazing. It&#39;s a great masterpiece, and the AI function is the best. It&#39;s a must-have item when traveling abroad. I want to have it."
767,70,abdulqayyumkhan887,abdulqayyumkhan887,3_zjIf735AE,2024-01-23T02:18:51Z,2024-01-23T02:18:51Z,0,💥💯🤘🐿💕
768,69,Bardregan,Bardregan,3_zjIf735AE,2024-01-23T02:57:21Z,2024-01-23T02:57:21Z,0,"<a href=""https://www.youtube.com/watch?v=3_zjIf735AE&amp;t=424"">7:04</a> &quot;older devices like the S22 lineup...&quot; brother I&#39;m upgrading from a Note 9 to this lol"
769,67,sanzogjoC,sanzogjoC,3_zjIf735AE,2024-01-23T11:25:32Z,2024-01-23T11:25:32Z,0,Titanuim Voilet is fav color
770,66,shaneintegra,shaneintegra,3_zjIf735AE,2024-01-23T11:55:19Z,2024-01-23T11:55:19Z,0,SakiTech copied your title
771,65,Marcos-20,Marcos-20,3_zjIf735AE,2024-01-23T12:15:40Z,2024-01-23T12:15:40Z,0,Is it worth upgrading from a 13 pro max
772,96,ChimObiajulu,ChimObiajulu,3_zjIf735AE,2024-01-22T12:24:38Z,2024-01-22T12:24:38Z,0,"S22 Ultra is now considered old?! WTF?<br>Not upgrading because sooner or later, the Ai feature will get to me."
773,63,tsimbinara6893,tsimbinara6893,3_zjIf735AE,2024-01-23T14:47:04Z,2024-01-23T14:47:04Z,0,"Samsung is really on his downfall. Curved display is the main reason why people loved Samsung flagships. Now , i don&#39;t see why should i take the s24 ultra instead of the redmagic 9 or 8"
774,62,user-yl7lv2jl8t,user-yl7lv2jl8t,3_zjIf735AE,2024-01-23T15:08:16Z,2024-01-23T15:08:16Z,0,Guys any advice? I’ve got a 15 pro and I’ve been an iOS user all my life and I’m contemplating between staying on the 15 or getting an s24 ultra. What do you guys think is the better phone?
775,61,P__114,P__114,3_zjIf735AE,2024-01-23T15:13:58Z,2024-01-23T15:13:58Z,0,Thanks
776,97,corzabourne2101,corzabourne2101,3_zjIf735AE,2024-01-22T12:17:04Z,2024-01-22T12:17:04Z,0,The s24 has horrendous raised blacks
777,59,raisa8373,raisa8373,3_zjIf735AE,2024-01-23T18:25:59Z,2024-01-23T18:25:59Z,0,"Hi, does it have text to speak"
778,58,Oktheorignal,Oktheorignal,3_zjIf735AE,2024-01-23T19:03:04Z,2024-01-23T19:03:04Z,0,Pixel 8 Pro anyone?
779,57,Mike_Hog_A_Nator,Mike_Hog_A_Nator,3_zjIf735AE,2024-01-23T20:33:35Z,2024-01-23T20:33:35Z,0,"Keep your wired earbuds if you have a S22 Ultra that your trading in. <br>Since the 24 Ultra doesn&#39;t come with any earbuds. <br>My carrier offered me $800 for my S22 Ultra &amp; I preordered the 512g Black S24 Ultra, mainly because black holds up very well throughout the years.. <br>I don&#39;t have a single micro scratch on my 22 Ultra 🤟"
780,98,musicsoulfood5024,musicsoulfood5024,3_zjIf735AE,2024-01-22T12:14:17Z,2024-01-22T12:14:17Z,0,Samsung needs to improve the smoothness of the interface.  Important to me🤷😑
781,72,StanTVXD,StanTVXD,3_zjIf735AE,2024-01-23T01:23:51Z,2024-01-23T01:23:51Z,0,Upgrading mh s10 plus to 24 ultra is huge step for me lmao
782,74,pantasama,pantasama,3_zjIf735AE,2024-01-22T22:24:04Z,2024-01-22T22:24:04Z,0,"I initially wanted to buy S23 Ultra when this one came out, but due to free upgrade and slightly higher price I decided on s24 ultra. I&#39;m very excited, especially since I currently own xiaomi mi 11. So this will def be a huge upgrade (even though I must say, I was very satisfied with xiaomi)"
783,84,waelhussien6528,waelhussien6528,3_zjIf735AE,2024-01-22T18:13:45Z,2024-01-22T18:46:08Z,0,"<a href=""https://www.youtube.com/watch?v=3_zjIf735AE&amp;t=223"">3:43</a> 😂 Man what are you talking about?! What is smooth s24 looks grainy and unfocused and glitches and very bright on daylight !!! How is that looking to you?! Iphone looks smoother and natural with good stability 👍<br>My s23 ultra still doing better than this even zooming still better than s24 and you proved that by your samples 🥴"
784,87,chrisd1828,chrisd1828,3_zjIf735AE,2024-01-22T16:53:21Z,2024-01-22T16:53:21Z,0,"So the best feature of the S24 ultra is a gimmick because No one asked for AI, and No one needs AI."
785,83,kieranbaileyofficialchanne,kieranbaileyofficialchanne,3_zjIf735AE,2024-01-22T18:28:36Z,2024-01-22T18:28:36Z,0,I can’t wait for Samsung Galaxy s24 ultra
786,82,bloodspiller30,bloodspiller30,3_zjIf735AE,2024-01-22T18:53:45Z,2024-01-22T18:53:45Z,0,it is nice to see the flat screen. curved screen looks nice. but i dont like the light glare / reflections you get on the edges when you are outside. it makes the screen seem smaller in width
787,81,thebanecorps3823,thebanecorps3823,3_zjIf735AE,2024-01-22T19:46:48Z,2024-01-22T19:46:48Z,0,"lag on top tier android? meanwhile. my iPhone 15 plus lags and freezes on basic shit like scrolling through  google or YouTube and yes, my phone is up to date. i had my iphone not open apps or open them but take forever. too fully load in something no apple sheep can explain too me"
788,80,soul4ever,soul4ever,3_zjIf735AE,2024-01-22T19:48:37Z,2024-01-22T19:48:37Z,0,Swktching from iPhone 14 Pro. So excited!!
789,79,Anas.knnnnn,Anas.knnnnn,3_zjIf735AE,2024-01-22T20:02:22Z,2024-01-22T20:02:22Z,0,"<a href=""https://www.youtube.com/watch?v=3_zjIf735AE&amp;t=126"">2:06</a> it is a downgrade. That’s y you quickly changed the frame so most people won’t notice??"
790,78,jeevanjai55,jeevanjai55,3_zjIf735AE,2024-01-22T20:07:13Z,2024-01-22T20:07:13Z,0,You guy&#39;s use high end new Samsung phones why don&#39;t you ship me your old mobile😅.
791,86,WavyVaporizers,WavyVaporizers,3_zjIf735AE,2024-01-22T17:26:10Z,2024-01-22T17:26:34Z,0,Wonder if i should go from my s22 ultra to the s24 plus.... i dont understand why make the s24 and 24 plus shaped like a iphone and not make the 24 uktra shaped like thr iphone... shit makes noooo sense at all
792,88,TheHitman-,TheHitman-,3_zjIf735AE,2024-01-22T16:46:08Z,2024-01-22T16:46:08Z,0,Note 20 ultra 5g im good 😂
793,75,airjulufel4634,airjulufel4634,3_zjIf735AE,2024-01-22T22:23:29Z,2024-01-22T22:23:29Z,0,"glad I waited for the 24 Ultra, will be replacing my a80 once the prices dropped"
794,89,Mdfxxces,Mdfxxces,3_zjIf735AE,2024-01-22T16:27:01Z,2024-01-22T16:27:01Z,0,"I bought the s24 ultra violet because of the AI features but seems like at the end of 2025 those features will be paid,is that correct?"
795,55,femiomomo4467,femiomomo4467,3_zjIf735AE,2024-01-23T21:25:36Z,2024-01-23T21:25:36Z,0,"Samsung has the same screen issues for the last THREE GENERATIONS and nobody highlights this. After a year or so a black dot appears this has been identified as a sign that the screen is deteriorating, in a FLAGSHIP THIS IS UNACCEPTABLE therefore I will never buy a Samsung phone again!!<br>Not just me but Thousands of others, do a Google search for yourself"
796,90,user-bi3if4sw8f,user-bi3if4sw8f,3_zjIf735AE,2024-01-22T16:07:35Z,2024-01-22T16:07:35Z,0,"If they had made the trim gold instead of matte silver, that would have been dope."
797,91,Traunt_,Traunt_,3_zjIf735AE,2024-01-22T15:45:47Z,2024-01-22T15:45:47Z,0,"Debating upgrsding from note 10+, this phone has served me well!"
798,92,ssa5630,ssa5630,3_zjIf735AE,2024-01-22T14:50:45Z,2024-01-22T14:50:45Z,0,The switching between lenses isn&#39;t iphone 15 pro max level smooth
799,93,Steger_4785,Steger_4785,3_zjIf735AE,2024-01-22T14:28:15Z,2024-01-22T14:28:15Z,0,Wait till they upgrade OS to end
800,76,MrFarshedjon,MrFarshedjon,3_zjIf735AE,2024-01-22T21:14:38Z,2024-01-22T21:14:38Z,0,Samsung S24 Ultra is Power 💪 but i still have my S23 Ultra
801,56,raysmith1414,raysmith1414,3_zjIf735AE,2024-01-23T21:05:36Z,2024-01-23T21:05:36Z,0,I&#39;m upgrading from regular S21. It&#39;s time.
802,50,MrWhite-7,MrWhite-7,3_zjIf735AE,2024-01-23T23:55:03Z,2024-01-23T23:55:03Z,0,"4 years worth of Samsung phones that rattle when lying flat on a surface.<br>Heavy enough to make your 💪 grow.<br>Sharp enough to make your palms bleed.<br>But it got gimmicky Ai, look, a feature literally no one will use."
803,54,MrWeasel75,MrWeasel75,3_zjIf735AE,2024-01-23T21:37:04Z,2024-01-23T21:37:04Z,0,Rocking the Longines ...love it
804,52,HK-tz1qm,HK-tz1qm,3_zjIf735AE,2024-01-23T23:04:03Z,2024-01-23T23:04:03Z,0,"IMPORTANT!!! Hi, have you noticed that the screen colours of S24 ultra are so washed out in comparison with S23 ultra? And S22 ultra screen is more vibrant than both? Please address the issue. Thank you!"
805,20,szewei85,szewei85,3_zjIf735AE,2024-01-27T15:04:46Z,2024-01-27T15:04:46Z,0,Haha wonderful
806,19,The_Devil3609,The_Devil3609,3_zjIf735AE,2024-01-27T16:11:04Z,2024-01-27T16:11:04Z,0,Colors are dull on the screen atm. Samsung please fix the issue. 😢 This phone feels like a total downgrade when my s23 has much more vibrant color output on the screen.
807,18,sahilverma9726,sahilverma9726,3_zjIf735AE,2024-01-27T20:13:51Z,2024-01-27T20:13:51Z,0,Not impressed with violet
808,17,paulboyd4079,paulboyd4079,3_zjIf735AE,2024-01-27T21:51:14Z,2024-01-27T21:51:14Z,0,"Nice upgrade but stil staying with22 ultra, no problems,so many more things still can do!!!😀"
809,16,earlkeim4713,earlkeim4713,3_zjIf735AE,2024-01-29T04:01:30Z,2024-01-29T04:01:30Z,0,"Sir, can you please take a breath once in awhile in between sentence?  You speak so quickly and so monotone. it&#39;s like you are being forced to say everything from a cue card.<br>Slow down a little bit and you will sound more natural and more genuine!😊😊"
810,15,styleskeepemmad1429,styleskeepemmad1429,3_zjIf735AE,2024-01-31T06:42:16Z,2024-01-31T06:42:16Z,0,Fact: they always edit samsungs photo and videos on these reviews to make it inferior lol its the opposite in person
811,14,lystic9392,lystic9392,3_zjIf735AE,2024-01-31T08:06:50Z,2024-01-31T08:06:50Z,0,Am I the only phone user who doesn&#39;t care about the camera?
812,13,studyart9706,studyart9706,3_zjIf735AE,2024-01-31T10:39:19Z,2024-01-31T10:39:19Z,0,Going from S23 Ultra to S24 Ultra with both in my hands.... Wow the S24 Ultra is a massive upgrade. Especially this bright screen and premium titanium bios quality.
813,12,DB-MH11,DB-MH11,3_zjIf735AE,2024-02-01T15:25:02Z,2024-02-01T15:25:02Z,0,I think it’s time to SWITCH
814,11,exvndy,exvndy,3_zjIf735AE,2024-02-02T15:00:53Z,2024-02-02T15:00:53Z,0,"I returned the S24U 1TB and decided to keep my S21U 512GB and get the battery replaced... only thing wrong with the phone is the battery dies fast, other than that it does everything I want issue free. I dont see any reasons to upgrade tbh. Think im going to wait for S25  because of the custom chip and camera improvements as all i care about is a fast phone that can handle many multiple resource intensive apps at once AND I take tons of photos and videos that i edit... so i need a great camera and great chip... hence next phone should blow this one out of the water and blow my s21u away"
815,10,brucevanguard6313,brucevanguard6313,3_zjIf735AE,2024-02-03T08:35:36Z,2024-02-03T08:35:36Z,0,"If you&#39;re rocking other high end phones, I see no use in upgrading to the s22u. However if you are using a slow poke of a phone like the stylus g 5g then You&#39;ll love the upgrade."
816,9,luisaguilar5343,luisaguilar5343,3_zjIf735AE,2024-02-03T18:11:10Z,2024-02-03T18:11:10Z,0,"I&#39;ll be going from my S9+ to the S24 Ultra, it just now started acting up, so I&#39;m looking forward to the transition."
817,8,stank8460,stank8460,3_zjIf735AE,2024-02-04T03:05:10Z,2024-02-04T03:05:10Z,0,Worth the upgrade over the S22+?
818,7,user-wj8dk3zd6x,user-wj8dk3zd6x,3_zjIf735AE,2024-02-04T15:03:29Z,2024-02-04T15:03:29Z,0,I&#39;m gonna get s24 Ultra.  Hopefully.
819,6,themoreyouknqw3555,themoreyouknqw3555,3_zjIf735AE,2024-02-06T01:47:36Z,2024-02-06T01:47:36Z,0,I recently upgraded from S23 ULTRA to S24 ULTRA..and love the flat display..<br>Screen protectors will be a lot easier to install and less likely to peel away on the edges as with the S23 ULTRA
820,5,kratohse,kratohse,3_zjIf735AE,2024-02-06T05:12:55Z,2024-02-06T05:12:55Z,0,Moved from s21 ultra to s24 ultra only for that free 512 gb space upgrade
821,4,SimonCrowther1,SimonCrowther1,3_zjIf735AE,2024-02-06T14:27:33Z,2024-02-06T14:27:33Z,0,"Any thoughts on Vivid mode not working? Settings--&gt;Display--&gt;Screen Mode--&gt;Vivid isn&#39;t doing anything. It&#39;s just Natural (even when vivid is selected), and most people switch from Natural when they get their Samsung phone."
822,3,Palerider2023,Palerider2023,3_zjIf735AE,2024-02-06T20:31:32Z,2024-02-06T20:31:32Z,0,"Just came over from iPhone 14 Pro, this feels like a major upgrade."
823,2,mjd917,mjd917,3_zjIf735AE,2024-02-07T01:39:48Z,2024-02-07T01:39:48Z,0,I&#39;m upgrading from a S21 and can&#39;t wait.  The S24 Ultra (Violet) is a massive upgrade for me.
824,21,PollyDollyBabe,PollyDollyBabe,3_zjIf735AE,2024-01-27T12:21:21Z,2024-01-27T12:21:21Z,0,So doppp! 😂👍
825,22,mehdielhassani1881,mehdielhassani1881,3_zjIf735AE,2024-01-27T10:23:33Z,2024-01-27T10:23:33Z,0,"Nice but for the price and the special Ai  that works only when u have internet connexion, i think it&#39;s not woth the cost i prefer to buy a a 2nd hand  Samsung 23 ultra  for half the price.untill the ai can be talkative like gpt i won&#39;t buy it, for people who would buy it for the snapdragon  gen3 they are phones cheaper with high specifications..."
826,25,MRdeLaat,MRdeLaat,3_zjIf735AE,2024-01-27T00:06:25Z,2024-01-27T00:06:25Z,0,"im done with the prices, they are insane even if my note 9 is 3 yrs old it works just as fine as my S6 and probably s24"
827,43,DENVEROUTDOORMAN,DENVEROUTDOORMAN,3_zjIf735AE,2024-01-24T13:20:37Z,2024-01-24T13:20:37Z,0,Animations unimportant
828,51,MrWhite-7,MrWhite-7,3_zjIf735AE,2024-01-23T23:37:06Z,2024-01-23T23:37:06Z,0,"This years s24u is a slightly improved s22-s23 phone with an upgraded price. Subscription AI features on device AI, very greedy Samsung.  Apple like tricks where you end up paying for the same feature multiple times.<br>Probably why they&#39;re offering 7 years of updates to milk the fanboys thoroughly.<br>Literally 5 years of 12 gig Ram sammy phones while apps and services continue to grow in size.  In short 3 years it&#39;ll be completely inadequate, and they know it.<br>The hot garbage on chip Exynos for the Euro taxed to death plebs.  But look it can take same pics like last years model!<br>Those even sharper corners gonna dig them palms until they bleed.  <br>New phone same like the old because why risking improving design that&#39;s so uncomfortable..."
829,1,Doremi120197,Doremi120197,3_zjIf735AE,2024-02-07T19:07:35Z,2024-02-07T19:07:35Z,0,I&#39;m updating it from a BTS S20Plus. Collecting the Purple version of the S24Ultra really can&#39;t wait.
830,49,Colduck42,Colduck42,3_zjIf735AE,2024-01-24T03:13:25Z,2024-01-24T03:13:25Z,0,If u have an s23ultra..once 6.1 drops for it..its gonna be an s24..except for minor updates on the s24
831,48,ShadGotEm,ShadGotEm,3_zjIf735AE,2024-01-24T06:43:22Z,2024-01-24T06:43:22Z,0,"<a href=""https://www.youtube.com/watch?v=3_zjIf735AE&amp;t=229"">3:49</a> ehh 🤔"
832,47,ShadGotEm,ShadGotEm,3_zjIf735AE,2024-01-24T06:46:07Z,2024-01-24T06:46:07Z,0,Performance is better because everything you’d use the performance for is stagnant. Apps and etc.
833,46,waifuhoarder272,waifuhoarder272,3_zjIf735AE,2024-01-24T06:54:56Z,2024-01-24T06:54:56Z,0,What about the rumors that Samsung is going to put the AI features behind a paywall in a few years?
834,45,ahmedsiyal2885,ahmedsiyal2885,3_zjIf735AE,2024-01-24T08:43:23Z,2024-01-24T08:43:23Z,0,Would any one recommend having the s24 ultra as a side android along with the ip 14 pmax
835,44,manulovesjesus,manulovesjesus,3_zjIf735AE,2024-01-24T10:44:57Z,2024-01-24T10:47:09Z,0,"„The zoom is basicly the same as on the s23 ultra“ - while showing comparison shots, where the s23 is clearly more detailed. It does have more noise too, but there’s definitely more detail when looking at all your shots. Excluding low light shots, where the s24 seems to be better.<br><br>„The generative AI slo-mo works like black magic“ - while showing a clip, that looks completely fake and crap.<br><br>Is it sarcasm/satire or are you biased towards this device to not see this?"
836,42,cornholecam,cornholecam,3_zjIf735AE,2024-01-24T14:07:25Z,2024-01-24T14:07:25Z,0,Thanks for the review. I still like my 21 Ultra but I&#39;m excited for the 24 to come in!
837,33,digiman76,digiman76,3_zjIf735AE,2024-01-25T23:45:34Z,2024-01-25T23:45:34Z,0,"Bought the S24 ultra violet yesterday on a great deal. My S22 ultra is still a demon, very fast but its time to change. Loved the S22 ultra, absolutely perfect phone."
838,41,donmoore4380,donmoore4380,3_zjIf735AE,2024-01-24T15:12:49Z,2024-01-24T15:12:49Z,0,Galaxy s24 BLOWS AWAY IPHONE 15
839,40,ElectronicsNerd,ElectronicsNerd,3_zjIf735AE,2024-01-24T16:30:01Z,2024-01-24T16:30:01Z,0,i forget that the preview users get ones with the big numbers on them.
840,39,saadsayeed8235,saadsayeed8235,3_zjIf735AE,2024-01-24T18:04:32Z,2024-01-24T18:04:32Z,0,I have the s23 ultra might switch to iphone 16 pro as my first  iphone 😅
841,38,ncruze07,ncruze07,3_zjIf735AE,2024-01-24T21:04:44Z,2024-01-24T21:04:44Z,0,One plus 12
842,37,leondesv,leondesv,3_zjIf735AE,2024-01-25T07:19:53Z,2024-01-25T07:19:53Z,0,Imma wait for the galaxy Z fold/flip 6. Ive had a note phone for the past 10 years. Think i want a fold/flip phone now.
843,36,rohitgupta-zy2xy,rohitgupta-zy2xy,3_zjIf735AE,2024-01-25T11:22:07Z,2024-01-25T11:22:07Z,0,Already purchased n very happy with it
844,35,FF-xl7yw,FF-xl7yw,3_zjIf735AE,2024-01-25T17:33:54Z,2024-01-25T17:33:54Z,0,What is the engraved number on your phone&#39;s back and front? is this a test model? do you have to return it?
845,34,mitchr2474,mitchr2474,3_zjIf735AE,2024-01-25T22:59:23Z,2024-01-25T22:59:23Z,0,"upgrading from s22+ to s24+ I don&#39;t want a note, pens are useless"
846,99,BioBooster420,BioBooster420,3_zjIf735AE,2024-01-22T12:14:17Z,2024-01-22T12:14:17Z,0,will definitely upgrade from my s23 ultra to this one soon
